ENSG00000286061 2 2 8 7 9 33 21 17 1
ENSG00000286061 1 2 8 7 9 33 21 17 1 1
ENSG00000286061 2 8 7 9 33 21 17 1 2
ENSG00000286061 1 8 7 9 33 21 17 4
ENSG00000286061 8 7 9 33 21 17 4 1
ENSG00000286061 1 6 4 3 9 33 21 23
ENSG00000286061 6 4 3 9 33 21 23 1
ENSG00000286061 5 4 3 9 33 21 23 1 1
ENSG00000286061 1 3 4 3 9 33 21 23 1 2
ENSG00000286061 3 4 3 9 33 21 23 4
ENSG00000286061 2 4 3 9 33 21 23 5
ENSG00000286061 1 4 3 9 33 50
ENSG00000286061 4 3 9 33 50 1
ENSG00000286061 1 2 3 9 33 50 2
ENSG00000286061 2 3 9 33 50 3
ENSG00000286061 1 3 9 33 50 4
ENSG00000286061 3 9 33 50 4 1
ENSG00000286061 1 1 9 33 50 4 2
ENSG00000286061 1 9 33 50 7
ENSG00000286061 9 91
ENSG00000286061 1 7 92
ENSG00000286061 7 92 1
ENSG00000286061 3 3 92 2
ENSG00000286061 2 3 92 2 1
ENSG00000286061 1 3 92 4
ENSG00000286061 3 92 5
ENSG00000286061 2 92 5 1
ENSG00000286061 1 92 5 2
ENSG00000286061 92 5 2 1
ENSG00000286061 12 79 5 4
ENSG00000286061 11 79 5 4 1
ENSG00000286061 3 7 79 5 4 2
ENSG00000286061 2 7 79 5 4 3
ENSG00000286061 1 7 79 5 4 4
ENSG00000286061 7 79 5 4 5
ENSG00000286061 3 3 79 5 10
ENSG00000286061 2 3 79 16
ENSG00000286061 1 3 79 16 1
ENSG00000286061 3 79 16 2
ENSG00000286061 2 79 16 3
ENSG00000286061 1 79 16 3 1
ENSG00000286061 79 16 5
ENSG00000286061 46 32 16 5 1
ENSG00000286061 20 4 8 13 32 16 5 2
ENSG00000286061 5 14 4 8 13 32 16 5 3
ENSG00000286061 2 2 14 4 8 13 32 16 5 3 1
ENSG00000286061 1 2 14 4 8 13 32 16 5 5
ENSG00000286061 2 14 4 8 13 32 16 5 5 1
ENSG00000286061 1 14 4 8 13 32 16 5 5 2
ENSG00000286061 14 4 8 13 32 16 5 5 3
ENSG00000286061 3 2 8 4 8 13 32 16 5 5 3 1
ENSG00000286061 2 2 8 4 8 13 32 16 5 5 3 2
ENSG00000286061 1 2 8 4 8 13 32 16 5 5 3 3
ENSG00000286061 2 8 4 8 13 32 16 5 5 3 4
ENSG00000286061 1 8 4 8 13 32 16 5 5 8
ENSG00000286061 8 4 8 13 32 16 5 5 8 1
ENSG00000286061 7 4 8 13 32 16 5 5 8 2
ENSG00000286061 6 4 8 13 32 16 5 5 11
ENSG00000286061 3 2 4 8 13 32 16 5 5 11 1
ENSG00000286061 2 2 4 8 13 32 16 5 5 11 2
ENSG00000286061 1 2 4 8 13 32 16 5 5 14
ENSG00000286061 2 4 8 13 32 16 5 5 14 1
ENSG00000286061 1 4 8 13 32 16 5 5 14 2
ENSG00000286061 4 8 13 32 16 5 5 17
ENSG00000286061 3 8 13 32 16 28
ENSG00000286061 2 8 13 32 16 28 1
ENSG00000286061 1 8 13 32 16 28 2
ENSG00000286061 8 13 32 16 28 3
ENSG00000286061 4 3 13 32 16 28 3 1
ENSG00000286061 3 3 13 32 16 28 3 2
ENSG00000286061 1 1 3 13 32 16 28 3 3
ENSG00000286061 1 3 13 32 16 28 7
ENSG00000286061 3 13 32 16 36
ENSG00000286061 2 13 32 16 36 1
ENSG00000286061 1 13 32 16 36 2
ENSG00000286061 13 32 16 36 2 1
ENSG00000286061 8 4 32 16 36 4
ENSG00000286061 5 2 4 32 16 36 5
ENSG00000286061 4 2 4 32 16 36 6
ENSG00000286061 1 2 2 4 32 16 36 6 1
ENSG00000286061 2 2 4 32 16 36 6 2
ENSG00000286061 1 2 4 32 16 36 6 2 1
ENSG00000286061 2 4 32 16 36 6 2 1 1
ENSG00000286061 1 4 32 16 36 6 2 3
ENSG00000286061 4 32 16 36 6 2 3 1
ENSG00000286061 3 32 16 36 6 2 3 2
ENSG00000286061 2 32 16 36 6 2 3 3
ENSG00000286061 1 32 16 36 6 2 3 4
ENSG00000286061 32 16 36 6 2 3 4 1
ENSG00000286061 11 6 14 9 7 13 23 6 2 3 4 2
ENSG00000286061 1 5 4 6 14 9 7 13 23 6 2 3 4 3
ENSG00000286061 5 4 6 14 9 7 13 23 6 2 3 8
ENSG00000286061 2 2 4 6 14 9 7 13 23 6 2 3 8 1
ENSG00000286061 1 2 4 6 14 9 7 13 23 6 2 3 8 2
ENSG00000286061 2 4 6 14 9 7 13 23 6 2 3 8 2 1
ENSG00000286061 1 4 6 14 9 7 13 23 6 2 3 8 2 2
ENSG00000286061 4 6 14 9 7 13 23 6 2 3 8 5
ENSG00000286061 3 6 14 9 7 13 23 6 2 3 8 5 1
ENSG00000286061 1 1 6 14 9 7 13 23 6 2 3 8 5 2
ENSG00000286061 1 6 14 9 7 13 23 6 2 3 8 5 3
ENSG00000286061 6 14 9 7 13 23 6 22
ENSG00000286061 5 14 9 7 13 23 6 22 1
ENSG00000286061 1 2 1 14 9 7 13 23 6 22 2
ENSG00000286061 2 1 14 9 7 13 23 6 22 3
ENSG00000286061 1 1 14 9 7 13 23 6 26
ENSG00000286061 1 14 9 7 13 23 6 26 1
ENSG00000286061 14 9 7 13 23 6 26 2
ENSG00000286061 4 9 9 7 13 23 6 26 3
ENSG00000286061 3 9 9 7 13 23 6 26 3 1
ENSG00000286061 2 9 9 7 13 23 6 26 3 2
ENSG00000286061 1 9 9 7 13 23 6 26 3 3
ENSG00000286061 9 9 7 13 23 6 26 7
ENSG00000286061 8 9 7 13 23 6 26 7 1
ENSG00000286061 2 5 9 7 13 23 6 26 7 2
ENSG00000286061 1 5 9 7 13 23 6 36
ENSG00000286061 5 9 7 13 23 6 36 1
ENSG00000286061 4 9 7 13 23 6 36 2
ENSG00000286061 3 9 7 13 23 6 36 3
ENSG00000286061 2 9 7 13 23 6 36 3 1
ENSG00000286061 1 9 7 13 23 6 36 3 2
ENSG00000286061 9 7 13 23 6 36 3 2 1
ENSG00000286061 1 3 4 7 13 23 6 36 3 4
ENSG00000286061 3 4 7 13 23 6 36 3 4 1
ENSG00000286061 2 4 7 13 23 6 36 3 4 2
ENSG00000286061 1 4 7 13 23 6 36 3 4 3
ENSG00000286061 4 7 13 23 6 36 3 4 3 1
ENSG00000286061 1 2 7 13 23 6 36 3 4 3 2
ENSG00000286061 2 7 13 23 6 36 3 4 3 3
ENSG00000286061 1 7 13 23 6 36 3 11
ENSG00000286061 7 13 23 6 51
ENSG00000286061 6 13 23 6 51 1
ENSG00000286061 5 13 23 6 51 2
ENSG00000286061 4 13 23 6 51 2 1
ENSG00000286061 3 13 23 6 51 2 2
ENSG00000286061 2 13 23 6 51 2 3
ENSG00000286061 1 13 23 6 51 6
ENSG00000286061 13 23 64
ENSG00000286061 9 3 23 64 1
ENSG00000286061 1 7 3 23 64 2
ENSG00000286061 7 3 23 64 3
ENSG00000286061 1 3 2 3 23 64 4
ENSG00000286061 3 2 3 23 64 4 1
ENSG00000286061 2 2 3 23 64 6
ENSG00000286061 1 2 3 23 64 6 1
ENSG00000286061 2 3 23 64 6 2
ENSG00000286061 1 3 23 64 6 2 1
ENSG00000286061 3 23 64 6 2 2
ENSG00000286061 2 23 64 6 5
ENSG00000286061 1 23 64 6 6
ENSG00000286061 23 64 6 2 5
ENSG00000286061 22 32 20 12 6 2 6
ENSG00000286061 16 5 32 20 12 6 2 6 1
ENSG00000286061 2 13 5 32 20 12 6 2 6 2
ENSG00000286061 1 13 5 32 20 12 6 2 6 3
ENSG00000286061 13 5 32 20 12 6 2 6 3 1
ENSG00000286061 2 10 5 32 20 12 6 2 6 3 2
ENSG00000286061 1 10 5 32 20 12 6 2 6 6
ENSG00000286061 10 5 32 20 12 8 13
ENSG00000286061 2 7 5 32 20 12 8 13 1
ENSG00000286061 1 7 5 32 20 12 8 13 2
ENSG00000286061 7 5 32 20 12 8 13 3
ENSG00000286061 3 3 5 32 20 12 8 13 4
ENSG00000286061 2 3 5 32 20 20 18
ENSG00000286061 1 3 5 32 20 20 19
ENSG00000286061 3 5 32 20 20 20
ENSG00000286061 2 5 32 20 20 20 1
ENSG00000286061 1 5 32 20 20 20 2
ENSG00000286061 5 32 20 20 20 2 1
ENSG00000286061 4 32 20 20 20 2 2
ENSG00000286061 3 32 20 20 20 5
ENSG00000286061 2 32 20 20 20 5 1
ENSG00000286061 1 32 20 20 20 5 2
ENSG00000286061 32 20 20 20 8
ENSG00000286061 1 9 21 20 20 20 8 1
ENSG00000286061 9 21 20 20 20 8 2
ENSG00000286061 8 21 20 20 20 8 3
ENSG00000286061 2 3 2 21 20 20 20 8 3 1
ENSG00000286061 1 3 2 21 20 20 20 8 3 2
ENSG00000286061 3 2 21 20 20 20 8 3 2 1
ENSG00000286061 1 1 2 21 20 20 20 8 7
ENSG00000286061 1 2 21 20 20 20 8 7 1
ENSG00000286061 2 21 20 20 20 8 7 2
ENSG00000286061 1 21 20 20 20 8 7 3
ENSG00000286061 21 20 20 20 8 7 4
ENSG00000286061 3 17 20 20 20 8 7 5
ENSG00000286061 2 17 20 20 20 8 7 5 1
ENSG00000286061 1 17 20 20 20 8 7 5 2
ENSG00000286061 17 20 20 20 8 7 5 2 1
ENSG00000286061 5 11 20 20 20 8 7 5 4
ENSG00000286061 2 2 11 20 20 20 8 17
ENSG00000286061 1 2 11 20 20 20 8 17 1
ENSG00000286061 2 11 20 20 20 27
ENSG00000286061 1 11 20 20 20 27 1
ENSG00000286061 11 20 20 20 27 2
ENSG00000286061 2 8 20 20 20 27 3
ENSG00000286061 1 8 20 20 20 27 3 1
ENSG00000286061 8 20 20 20 27 3 2
ENSG00000286061 3 4 20 20 20 33
ENSG00000286061 2 4 20 20 20 33 1
ENSG00000286061 1 4 20 20 20 33 1 1
ENSG00000286061 4 20 20 20 33 1 2
ENSG00000286061 3 20 20 20 33 4
ENSG00000286061 2 20 20 20 33 5
ENSG00000286061 1 20 20 20 33 6
ENSG00000286061 20 20 20 33 6 1
ENSG00000286061 2 17 20 20 33 6 2
ENSG00000286061 1 17 20 20 33 6 2 1
ENSG00000286061 17 20 20 33 6 2 2
ENSG00000286061 6 5 5 20 20 33 11
ENSG00000286061 5 5 5 20 20 33 11 1
ENSG00000286061 1 3 5 5 20 20 33 11 2
ENSG00000286061 3 5 5 20 20 33 11 3
ENSG00000286061 2 5 5 20 20 33 11 4
ENSG00000286061 1 5 5 20 20 33 11 4 1
ENSG00000286061 5 5 20 20 33 11 4 2
ENSG00000286061 2 2 5 20 20 33 11 4 3
ENSG00000286061 1 2 5 20 20 33 11 4 4
ENSG00000286061 2 5 20 20 33 11 4 4 1
ENSG00000286061 1 5 20 20 33 11 4 4 2
ENSG00000286061 5 20 20 33 11 4 7
ENSG00000286061 1 3 20 20 33 11 4 8
ENSG00000286061 3 20 20 33 11 4 8 1
ENSG00000286061 2 20 20 33 11 4 8 2
ENSG00000286061 1 20 20 33 11 4 11
ENSG00000286061 20 20 33 11 16
ENSG00000286061 6 13 20 33 11 16 1
ENSG00000286061 5 13 20 33 11 16 2
ENSG00000286061 2 2 13 20 33 11 16 2 1
ENSG00000286061 1 2 13 20 33 11 16 4
ENSG00000286061 2 13 20 33 11 16 4 1
ENSG00000286061 1 13 20 33 11 16 6
ENSG00000286061 13 20 33 11 16 6 1
ENSG00000286061 10 2 20 33 11 16 6 1 1
ENSG00000286061 3 6 2 20 33 11 16 6 1 2
ENSG00000286061 2 6 2 20 33 11 16 6 4
ENSG00000286061 1 6 2 20 33 11 16 6 5
ENSG00000286061 6 2 20 33 11 16 6 5 1
ENSG00000286061 5 2 20 33 11 16 6 5 2
ENSG00000286061 4 2 20 33 11 16 6 5 3
ENSG00000286061 1 2 2 20 33 11 16 15
ENSG00000286061 2 2 20 33 11 16 15 1
ENSG00000286061 1 2 20 33 11 16 15 2
ENSG00000286061 2 20 33 11 16 15 2 1
ENSG00000286061 1 20 33 11 16 15 2 2
ENSG00000286061 20 33 11 16 15 2 3
ENSG00000286061 5 14 11 9 13 11 8 8 15 2 3 1
ENSG00000286061 4 14 11 9 13 11 8 8 15 7
ENSG00000286061 3 14 11 9 13 19 31
ENSG00000286061 2 14 11 9 32 32
ENSG00000286061 1 14 11 9 32 32 1
ENSG00000286061 14 11 9 32 32 2
ENSG00000286061 2 11 2 9 9 32 32 3
ENSG00000286061 1 11 2 9 9 32 36
ENSG00000286061 11 2 9 9 32 36 1
ENSG00000286061 3 7 2 9 9 32 36 2
ENSG00000286061 2 7 2 9 9 32 36 2 1
ENSG00000286061 1 7 2 9 9 32 36 2 2
ENSG00000286061 7 2 9 9 32 36 2 3
ENSG00000286061 6 2 9 9 32 36 2 3 1
ENSG00000286061 5 2 9 9 32 36 2 3 2
ENSG00000286061 4 2 9 9 32 36 2 3 3
ENSG00000286061 3 2 9 9 32 36 2 3 4
ENSG00000286061 2 2 9 9 32 36 5 5
ENSG00000286061 1 2 9 9 32 36 5 5 1
ENSG00000286061 2 9 9 32 36 5 5 2
ENSG00000286061 1 9 9 32 36 5 5 2 1
ENSG00000286061 9 9 32 36 5 5 2 2
ENSG00000286061 2 6 9 32 36 5 5 2 3
ENSG00000286061 1 6 9 32 36 5 5 2 3 1
ENSG00000286061 6 9 32 36 5 5 2 3 2
ENSG00000286061 2 3 9 32 36 5 5 2 6
ENSG00000286061 1 3 9 32 36 5 5 2 6 1
ENSG00000286061 3 9 32 36 5 5 2 6 2
ENSG00000286061 2 9 32 36 5 5 2 6 2 1
ENSG00000286061 1 9 32 36 5 5 2 6 2 2
ENSG00000286061 9 32 36 5 5 2 6 2 2 1
ENSG00000286061 1 2 5 32 36 5 5 2 6 6
ENSG00000286061 2 5 32 36 5 5 2 6 6 1
ENSG00000286061 1 5 32 36 5 5 2 6 6 2
ENSG00000286061 5 32 36 5 5 2 6 6 2 1
ENSG00000286061 4 32 36 5 5 2 6 6 2 2
ENSG00000286061 3 32 36 5 5 2 6 6 5
ENSG00000286061 2 32 36 5 5 2 6 12
ENSG00000286061 1 32 36 5 7 19
ENSG00000286061 32 36 5 7 19 1
ENSG00000286061 1 12 14 4 36 5 7 19 2
ENSG00000286061 12 14 4 36 5 7 19 3
ENSG00000286061 11 14 4 36 5 7 23
ENSG00000286061 1 2 3 4 14 4 36 5 7 24
ENSG00000286061 2 3 4 14 4 41 7 25
ENSG00000286061 1 3 4 14 4 41 7 25 1
ENSG00000286061 3 4 14 4 41 7 25 2
ENSG00000286061 2 4 14 4 41 7 25 2 1
ENSG00000286061 1 4 14 4 41 7 25 4
ENSG00000286061 4 14 4 41 7 25 5
ENSG00000286061 2 1 14 4 41 7 25 5 1
ENSG00000286061 1 1 14 4 41 7 25 5 2
ENSG00000286061 1 14 4 41 7 25 5 3
ENSG00000286061 14 4 41 7 25 5 4
ENSG00000286061 4 9 4 41 7 25 5 5
ENSG00000286061 3 9 4 41 7 25 5 6
ENSG00000286061 2 9 4 41 7 25 5 6 1
ENSG00000286061 1 9 4 41 7 25 5 6 1 1
ENSG00000286061 9 4 41 7 25 5 6 1 2
ENSG00000286061 1 3 4 4 41 7 25 5 6 4
ENSG00000286061 3 4 4 41 7 25 5 6 4 1
ENSG00000286061 2 4 4 41 7 25 5 6 4 2
ENSG00000286061 1 4 4 41 7 25 5 6 4 2 1
ENSG00000286061 4 4 41 7 25 5 6 4 2 2
ENSG00000286061 3 4 41 7 25 5 6 4 2 3
ENSG00000286061 2 4 41 7 25 5 6 10
ENSG00000286061 1 4 41 7 25 5 6 10 1
ENSG00000286061 4 41 7 25 5 6 10 1 1
ENSG00000286061 3 41 7 25 5 6 10 1 2
ENSG00000286061 2 41 7 25 5 6 10 1 2 1
ENSG00000286061 1 41 7 25 5 6 10 5
ENSG00000286061 41 7 25 5 6 16
ENSG00000286061 7 7 4 22 7 25 28
ENSG00000286061 2 4 7 4 22 7 25 28 1
ENSG00000286061 1 4 7 4 22 7 25 28 2
ENSG00000286061 4 7 4 22 7 25 28 3
ENSG00000286061 3 7 4 22 7 25 28 3 1
ENSG00000286061 2 7 4 22 7 25 28 3 2
ENSG00000286061 1 7 4 22 7 25 28 3 3
ENSG00000286061 7 4 22 7 25 28 3 4
ENSG00000286061 1 5 4 22 7 25 28 8
ENSG00000286061 5 4 22 7 25 28 8 1
ENSG00000286061 1 3 4 22 7 25 28 8 2
ENSG00000286061 3 4 22 7 25 28 8 3
ENSG00000286061 1 1 4 22 7 25 28 8 4
ENSG00000286061 1 4 22 7 25 28 8 4 1
ENSG00000286061 4 22 7 25 28 8 4 2
ENSG00000286061 3 22 7 25 28 8 7
ENSG00000286061 2 22 7 25 28 8 8
ENSG00000286061 1 22 7 25 28 8 8 1
ENSG00000286061 22 7 25 28 8 8 2
ENSG00000286061 5 13 3 7 25 28 8 8 2 1
ENSG00000286061 2 2 13 3 7 25 28 8 12
ENSG00000286061 1 2 13 3 7 25 28 8 12 1
ENSG00000286061 2 13 3 7 25 28 8 12 1 1
ENSG00000286061 1 13 3 7 25 28 8 15
ENSG00000286061 13 3 7 25 28 8 15 1
ENSG00000286061 2 10 3 7 25 28 8 15 1 1
ENSG00000286061 1 10 3 7 25 28 8 15 1 2
ENSG00000286061 10 3 7 25 28 8 15 4
ENSG00000286061 3 4 2 3 7 25 28 8 15 4 1
ENSG00000286061 2 4 2 3 7 25 28 8 21
ENSG00000286061 1 4 2 3 7 25 28 8 21 1
ENSG00000286061 4 2 3 7 25 28 31
ENSG00000286061 3 2 3 7 25 28 32
ENSG00000286061 2 2 3 7 86
ENSG00000286061 1 2 3 7 86 1
ENSG00000286061 2 3 7 86 2
ENSG00000286061 1 3 7 86 3
ENSG00000286061 3 7 86 3 1
ENSG00000286061 2 7 86 3 2
ENSG00000286061 1 7 86 3 2 1
ENSG00000286061 7 86 3 4
ENSG00000286061 6 86 3 4 1
ENSG00000286061 3 2 86 3 4 2
ENSG00000286061 2 2 86 3 7
ENSG00000286061 1 2 86 3 7 1
ENSG00000286061 2 86 12
ENSG00000286061 1 86 13
ENSG00000286061 86 13 1
ENSG00000286061 2 11 72 13 2
ENSG00000286061 1 11 72 13 3
ENSG00000286061 11 72 13 3 1
ENSG00000286061 4 6 72 13 5
ENSG00000286061 1 2 6 72 13 6
ENSG00000286061 2 6 72 13 6 1
ENSG00000286061 1 6 72 13 6 2
ENSG00000286061 6 72 13 6 3
ENSG00000286061 1 2 2 72 13 6 4
ENSG00000286061 2 2 72 13 6 4 1
ENSG00000286061 1 2 72 13 6 4 2
ENSG00000286061 2 72 13 13
ENSG00000286061 1 72 13 14
ENSG00000286061 85 15
ENSG00000286061 27 14 21 22 15 1
ENSG00000286061 3 11 7 5 14 21 22 15 2
ENSG00000286061 2 11 7 5 14 21 22 15 3
ENSG00000286061 1 11 7 5 14 21 22 15 3 1
ENSG00000286061 11 7 5 14 21 22 15 3 2
ENSG00000286061 10 7 5 14 21 22 15 3 3
ENSG00000286061 4 5 7 5 14 21 22 15 3 3 1
ENSG00000286061 3 5 7 5 14 21 22 15 3 3 2
ENSG00000286061 2 5 7 5 14 21 22 15 3 3 3
ENSG00000286061 1 5 7 5 14 21 22 15 3 7
ENSG00000286061 5 7 5 14 21 22 15 11
ENSG00000286061 1 3 7 5 14 21 22 15 11 1
ENSG00000286061 3 7 5 14 21 22 15 11 2
ENSG00000286061 2 7 5 14 21 22 15 11 3
ENSG00000286061 1 7 5 14 21 22 15 11 3 1
ENSG00000286061 7 5 14 21 22 15 11 3 1 1
ENSG00000286061 6 5 14 21 22 15 11 3 1 2
ENSG00000286061 5 5 14 21 22 15 11 3 1 3
ENSG00000286061 4 5 14 21 22 15 11 3 1 3 1
ENSG00000286061 2 1 5 14 21 22 15 11 3 1 3 2
ENSG00000286061 1 1 5 14 21 22 15 11 3 1 3 3
ENSG00000286061 1 5 14 21 22 15 11 7 4
ENSG00000286061 5 14 21 22 15 11 7 5
ENSG00000286061 2 2 14 21 22 15 11 7 5 1
ENSG00000286061 1 2 14 21 22 15 11 7 5 2
ENSG00000286061 2 14 21 22 15 11 7 5 3
ENSG00000286061 1 14 21 22 15 11 7 5 4
ENSG00000286061 14 21 22 15 11 7 5 4 1
ENSG00000286061 4 9 21 22 15 11 7 5 6
ENSG00000286061 3 9 21 22 15 11 7 12
ENSG00000286061 1 1 9 21 22 15 11 7 12 1
ENSG00000286061 1 9 21 22 15 11 7 12 2
ENSG00000286061 9 21 22 15 11 7 12 2 1
ENSG00000286061 1 4 3 21 22 15 11 7 12 2 2
ENSG00000286061 4 3 21 22 15 11 7 12 2 2 1
ENSG00000286061 3 3 21 22 15 11 7 12 2 4
ENSG00000286061 2 3 21 22 15 11 7 12 2 4 1
ENSG00000286061 1 3 21 22 15 11 7 12 2 4 2
ENSG00000286061 3 21 22 15 11 7 12 9
ENSG00000286061 2 21 22 15 11 7 12 9 1
ENSG00000286061 1 21 22 15 11 7 12 11
ENSG00000286061 21 22 15 18 24
ENSG00000286061 4 8 8 22 15 18 24 1
ENSG00000286061 3 8 8 22 15 18 24 2
ENSG00000286061 2 8 8 22 15 18 24 2 1
ENSG00000286061 1 8 8 22 15 18 24 2 2
ENSG00000286061 8 8 22 15 18 24 2 2 1
ENSG00000286061 3 4 8 22 15 18 24 2 4
ENSG00000286061 2 4 8 22 15 18 24 2 4 1
ENSG00000286061 1 4 8 22 15 18 24 2 4 1 1
ENSG00000286061 4 8 22 15 18 24 2 4 3
ENSG00000286061 3 8 22 15 18 24 2 4 3 1
ENSG00000286061 2 8 22 15 18 24 2 4 5
ENSG00000286061 1 8 22 15 18 24 2 4 6
ENSG00000286061 8 22 15 18 24 13
ENSG00000286061 1 6 22 15 18 24 13 1
ENSG00000286061 6 22 15 18 24 13 2
ENSG00000286061 1 1 3 22 15 18 24 13 3
ENSG00000286061 1 3 22 15 18 24 13 3 1
ENSG00000286061 3 22 15 18 24 13 3 2
ENSG00000286061 1 1 22 15 18 24 13 3 3
ENSG00000286061 1 22 15 18 24 13 3 4
ENSG00000286061 22 15 18 24 13 3 5
ENSG00000286061 11 10 15 18 24 13 3 6
ENSG00000286061 1 9 10 15 18 24 13 3 6 1
ENSG00000286061 9 10 15 18 24 13 3 6 2
ENSG00000286061 1 4 3 10 15 18 24 13 3 6 3
ENSG00000286061 4 3 10 15 18 24 13 3 10
ENSG00000286061 3 3 10 15 18 24 13 3 10 1
ENSG00000286061 2 3 10 15 18 24 13 3 10 2
ENSG00000286061 1 3 10 15 18 24 13 3 13
ENSG00000286061 3 10 15 18 24 13 3 13 1
ENSG00000286061 2 10 15 18 24 13 3 13 2
ENSG00000286061 1 10 15 18 24 13 3 13 3
ENSG00000286061 10 15 18 24 13 3 13 4
ENSG00000286061 1 2 6 15 18 24 13 3 13 5
ENSG00000286061 2 6 15 18 24 16 19
ENSG00000286061 1 6 15 18 24 16 19 1
ENSG00000286061 6 15 18 24 16 19 2
ENSG00000286061 5 15 18 24 16 19 2 1
ENSG00000286061 1 3 15 18 24 16 19 2 2
ENSG00000286061 3 15 18 24 16 19 5
ENSG00000286061 2 15 18 24 16 25
ENSG00000286061 1 15 18 24 16 25 1
ENSG00000286061 15 18 24 16 25 2
ENSG00000286061 5 9 3 15 24 16 25 2 1
ENSG00000286061 1 3 9 3 15 24 16 25 2 2
ENSG00000286061 3 9 3 15 24 16 25 2 3
ENSG00000286061 2 9 3 15 24 16 25 2 4
ENSG00000286061 1 9 3 15 24 16 25 7
ENSG00000286061 9 3 15 24 16 33
ENSG00000286061 8 3 15 24 16 33 1
ENSG00000286061 2 5 3 15 24 16 33 2
ENSG00000286061 1 5 3 15 24 16 33 2 1
ENSG00000286061 5 3 15 24 16 33 2 2
ENSG00000286061 4 3 15 24 16 33 2 3
ENSG00000286061 3 3 15 24 16 33 6
ENSG00000286061 2 3 15 24 16 33 6 1
ENSG00000286061 1 3 15 24 16 33 6 2
ENSG00000286061 3 15 24 16 33 6 3
ENSG00000286061 2 15 24 16 33 6 4
ENSG00000286061 1 15 24 16 33 6 4 1
ENSG00000286061 15 24 16 33 6 4 1 1
ENSG00000286061 2 5 7 24 16 33 6 4 1 2
ENSG00000286061 1 5 7 24 16 33 6 4 4
ENSG00000286061 5 7 24 16 33 6 4 4 1
ENSG00000286061 4 7 24 16 33 6 4 4 2
ENSG00000286061 3 7 24 16 33 6 4 4 3
ENSG00000286061 2 7 24 16 33 6 4 8
ENSG00000286061 1 7 24 16 33 19
ENSG00000286061 7 24 16 33 19 1
ENSG00000286061 3 3 24 16 33 21
ENSG00000286061 1 1 3 24 16 33 21 1
ENSG00000286061 1 3 24 16 33 21 2
ENSG00000286061 3 24 16 33 21 2 1
ENSG00000286061 2 24 16 33 21 2 2
ENSG00000286061 1 24 16 33 21 2 3
ENSG00000286061 24 16 33 21 2 4
ENSG00000286061 23 16 33 21 2 4 1
ENSG00000286061 3 19 16 33 21 2 4 2
ENSG00000286061 2 19 16 33 21 2 4 3
ENSG00000286061 1 19 16 33 21 2 4 3 1
ENSG00000286061 19 16 33 21 2 4 5
ENSG00000286061 3 7 8 7 9 33 21 2 4 6
ENSG00000286061 2 7 8 7 9 33 21 2 4 6 1
ENSG00000286061 1 7 8 7 9 33 21 2 4 6 2
ENSG00000286061 7 8 7 9 33 21 2 4 6 2 1
ENSG00000286061 2 2 2 8 7 9 33 21 2 4 6 2 2
ENSG00000286061 1 2 2 8 7 9 33 21 17
ENSG00000286061 2 9 4 5 15 14 9 7 13 15 7
ENSG00000286061 1 9 4 5 15 14 9 7 13 23
ENSG00000286061 9 4 5 15 14 9 7 13 23 1
ENSG00000286061 6 2 4 5 15 14 9 7 13 23 2
ENSG00000286061 2 3 2 4 5 15 14 9 7 13 23 2 1
ENSG00000286061 1 3 2 4 5 15 14 9 7 13 23 4
ENSG00000286061 3 2 4 5 15 14 9 7 13 23 5
ENSG00000286061 2 2 4 5 15 14 9 7 13 23 6
ENSG00000286061 1 2 4 5 15 14 9 7 13 23 6 1
ENSG00000286061 2 4 5 15 14 9 7 13 23 6 2
ENSG00000286061 1 4 5 15 14 9 7 13 23 6 2 1
ENSG00000286061 4 5 15 14 9 7 13 23 6 2 1 1
ENSG00000286061 1 2 5 15 14 9 7 13 23 6 2 3
ENSG00000286061 2 5 15 14 9 7 13 23 6 2 3 1
ENSG00000286061 1 5 15 14 9 7 13 23 6 2 3 2
ENSG00000286061 5 15 14 9 7 13 23 6 2 3 3
ENSG00000286061 2 2 15 14 9 7 13 23 6 2 3 4
ENSG00000286061 1 2 15 14 9 7 13 23 6 2 3 4 1
ENSG00000286061 2 15 14 9 7 13 23 6 2 3 4 2
ENSG00000286061 1 15 14 9 7 13 23 6 2 3 4 3
ENSG00000286061 15 14 9 7 13 23 6 2 3 8
ENSG00000286061 5 9 14 9 7 13 23 6 2 3 8 1
ENSG00000286061 2 2 9 14 9 7 13 23 6 2 3 8 2
ENSG00000286061 1 2 9 14 9 7 13 23 6 2 3 8 2 1
ENSG00000286061 2 9 14 9 7 13 23 6 2 3 8 2 2
ENSG00000286061 1 9 14 9 7 13 23 6 2 3 8 5
ENSG00000286061 9 14 9 7 13 23 6 2 3 8 5 1
ENSG00000286061 1 7 14 9 7 13 23 6 2 3 8 5 2
ENSG00000286061 7 14 9 7 13 23 6 2 3 8 5 3
ENSG00000286061 5 1 14 9 7 13 23 6 22
ENSG00000286061 1 3 1 14 9 7 13 23 6 22 1
ENSG00000286061 3 1 14 9 7 13 23 6 22 2
ENSG00000286061 2 1 14 9 7 13 23 6 22 3
ENSG00000286061 1 1 14 9 7 13 23 6 26
ENSG00000286061 1 14 9 7 13 23 6 26 1
ENSG00000286061 14 9 7 13 23 6 26 2
ENSG00000286061 4 9 9 7 13 23 6 26 3
ENSG00000286061 3 9 9 7 13 23 6 26 3 1
ENSG00000286061 2 9 9 7 13 23 6 26 3 2
ENSG00000286061 1 9 9 7 13 23 6 26 3 3
ENSG00000286061 9 9 7 13 23 6 26 7
ENSG00000286061 8 9 7 13 23 6 26 7 1
ENSG00000286061 2 5 9 7 13 23 6 26 7 2
ENSG00000286061 1 5 9 7 13 23 6 36
ENSG00000286061 5 9 7 13 23 6 36 1
ENSG00000286061 4 9 7 13 23 6 36 2
ENSG00000286061 3 9 7 13 23 6 36 3
ENSG00000286061 2 9 7 13 23 6 36 3 1
ENSG00000286061 1 9 7 13 23 6 36 3 2
ENSG00000286061 9 7 13 23 6 36 3 2 1
ENSG00000286061 1 3 4 7 13 23 6 36 3 4
ENSG00000286061 3 4 7 13 23 6 36 3 4 1
ENSG00000286061 2 4 7 13 23 6 36 3 4 2
ENSG00000286061 1 4 7 13 23 6 36 3 4 3
ENSG00000286061 4 7 13 23 6 36 3 4 3 1
ENSG00000286061 1 2 7 13 23 6 36 3 4 3 2
ENSG00000286061 2 7 13 23 6 36 3 4 3 3
ENSG00000286061 1 7 13 23 6 36 3 11
ENSG00000286061 7 13 23 6 51
ENSG00000286061 6 13 23 6 51 1
ENSG00000286061 5 13 23 6 51 2
ENSG00000286061 4 13 23 6 51 2 1
ENSG00000286061 3 13 23 6 51 2 2
ENSG00000286061 2 13 23 6 51 2 3
ENSG00000286061 1 13 23 6 51 6
ENSG00000286061 13 23 64
ENSG00000286061 9 3 23 64 1
ENSG00000286061 1 7 3 23 64 2
ENSG00000286061 7 3 23 64 3
ENSG00000286061 1 3 2 3 23 64 4
ENSG00000286061 3 2 3 23 64 4 1
ENSG00000286061 2 2 3 23 64 6
ENSG00000286061 1 2 3 23 64 6 1
ENSG00000286061 2 3 23 64 6 2
ENSG00000286061 1 3 23 64 6 2 1
ENSG00000286061 3 23 64 6 2 2
ENSG00000286061 2 23 64 6 5
ENSG00000286061 1 23 64 6 6
ENSG00000286061 23 64 6 2 5
ENSG00000286061 22 32 20 12 6 2 6
ENSG00000286061 16 5 32 20 12 6 2 6 1
ENSG00000286061 2 13 5 32 20 12 6 2 6 2
ENSG00000286061 1 13 5 32 20 12 6 2 6 3
ENSG00000286061 13 5 32 20 12 6 2 6 3 1
ENSG00000286061 2 10 5 32 20 12 6 2 6 3 2
ENSG00000286061 1 10 5 32 20 12 6 2 6 6
ENSG00000286061 10 5 32 20 12 8 13
ENSG00000286061 2 7 5 32 20 12 8 13 1
ENSG00000286061 1 7 5 32 20 12 8 13 2
ENSG00000286061 7 5 32 20 12 8 13 3
ENSG00000286061 3 3 5 32 20 12 8 13 4
ENSG00000286061 2 3 5 32 20 20 18
ENSG00000286061 1 3 5 32 20 20 19
ENSG00000286061 3 5 32 20 20 20
ENSG00000286061 2 5 32 20 20 20 1
ENSG00000286061 1 5 32 20 20 20 2
ENSG00000286061 5 32 20 20 20 2 1
ENSG00000286061 4 32 20 20 20 2 2
ENSG00000286061 3 32 20 20 20 5
ENSG00000286061 2 32 20 20 20 5 1
ENSG00000286061 1 32 20 20 20 5 2
ENSG00000286061 32 20 20 20 8
ENSG00000286061 1 9 21 20 20 20 8 1
ENSG00000286061 9 21 20 20 20 8 2
ENSG00000286061 8 21 20 20 20 8 3
ENSG00000286061 2 3 2 21 20 20 20 8 3 1
ENSG00000286061 1 3 2 21 20 20 20 8 3 2
ENSG00000286061 3 2 21 20 20 20 8 3 2 1
ENSG00000286061 1 1 2 21 20 20 20 8 7
ENSG00000286061 1 2 21 20 20 20 8 7 1
ENSG00000286061 2 21 20 20 20 8 7 2
ENSG00000286061 1 21 20 20 20 8 7 3
ENSG00000286061 21 20 20 20 8 7 4
ENSG00000286061 3 17 20 20 20 8 7 5
ENSG00000286061 2 17 20 20 20 8 7 5 1
ENSG00000286061 1 17 20 20 20 8 7 5 2
ENSG00000286061 17 20 20 20 8 7 5 2 1
ENSG00000286061 5 11 20 20 20 8 7 5 4
ENSG00000286061 2 2 11 20 20 20 8 17
ENSG00000286061 1 2 11 20 20 20 8 17 1
ENSG00000286061 2 11 20 20 20 27
ENSG00000286061 1 11 20 20 20 27 1
ENSG00000286061 11 20 20 20 27 2
ENSG00000286061 2 8 20 20 20 27 3
ENSG00000286061 1 8 20 20 20 27 3 1
ENSG00000286061 8 20 20 20 27 3 2
ENSG00000286061 3 4 20 20 20 33
ENSG00000286061 2 4 20 20 20 33 1
ENSG00000286061 1 4 20 20 20 33 1 1
ENSG00000286061 4 20 20 20 33 1 2
ENSG00000286061 3 20 20 20 33 4
ENSG00000286061 2 20 20 20 33 5
ENSG00000286061 1 20 20 20 33 6
ENSG00000286061 20 20 20 33 6 1
ENSG00000286061 2 17 20 20 33 6 2
ENSG00000286061 1 17 20 20 33 6 2 1
ENSG00000286061 17 20 20 33 6 2 2
ENSG00000286061 6 5 5 20 20 33 11
ENSG00000286061 5 5 5 20 20 33 11 1
ENSG00000286061 1 3 5 5 20 20 33 11 2
ENSG00000286061 3 5 5 20 20 33 11 3
ENSG00000286061 2 5 5 20 20 33 11 4
ENSG00000286061 1 5 5 20 20 33 11 4 1
ENSG00000286061 5 5 20 20 33 11 4 2
ENSG00000286061 2 2 5 20 20 33 11 4 3
ENSG00000286061 1 2 5 20 20 33 11 4 4
ENSG00000286061 2 5 20 20 33 11 4 4 1
ENSG00000286061 1 5 20 20 33 11 4 4 2
ENSG00000286061 5 20 20 33 11 4 7
ENSG00000286061 1 3 20 20 33 11 4 8
ENSG00000286061 3 20 20 33 11 4 8 1
ENSG00000286061 2 20 20 33 11 4 8 2
ENSG00000286061 1 20 20 33 11 4 11
ENSG00000286061 20 20 33 11 16
ENSG00000286061 6 13 20 33 11 16 1
ENSG00000286061 5 13 20 33 11 16 2
ENSG00000286061 2 2 13 20 33 11 16 2 1
ENSG00000286061 1 2 13 20 33 11 16 4
ENSG00000286061 2 13 20 33 11 16 4 1
ENSG00000286061 1 13 20 33 11 16 6
ENSG00000286061 13 20 33 11 16 6 1
ENSG00000286061 10 2 20 33 11 16 6 1 1
ENSG00000286061 3 6 2 20 33 11 16 6 1 2
ENSG00000286061 2 6 2 20 33 11 16 6 4
ENSG00000286061 1 6 2 20 33 11 16 6 5
ENSG00000286061 6 2 20 33 11 16 6 5 1
ENSG00000286061 5 2 20 33 11 16 6 5 2
ENSG00000286061 4 2 20 33 11 16 6 5 3
ENSG00000286061 1 2 2 20 33 11 16 15
ENSG00000286061 2 2 20 33 11 16 15 1
ENSG00000286061 1 2 20 33 11 16 15 2
ENSG00000286061 2 20 33 11 16 15 2 1
ENSG00000286061 1 20 33 11 16 15 2 2
ENSG00000286061 20 33 11 16 15 2 3
ENSG00000286061 5 14 11 9 13 11 8 8 15 2 3 1
ENSG00000286061 4 14 11 9 13 11 8 8 15 7
ENSG00000286061 3 14 11 9 13 19 31
ENSG00000286061 2 14 11 9 32 32
ENSG00000286061 1 14 11 9 32 32 1
ENSG00000286061 14 11 9 32 32 2
ENSG00000286061 2 11 2 9 9 32 32 3
ENSG00000286061 1 11 2 9 9 32 36
ENSG00000286061 11 2 9 9 32 36 1
ENSG00000286061 3 7 2 9 9 32 36 2
ENSG00000286061 2 7 2 9 9 32 36 2 1
ENSG00000286061 1 7 2 9 9 32 36 2 2
ENSG00000286061 7 2 9 9 32 36 2 3
ENSG00000286061 6 2 9 9 32 36 2 3 1
ENSG00000286061 5 2 9 9 32 36 2 3 2
ENSG00000286061 4 2 9 9 32 36 2 3 3
ENSG00000286061 3 2 9 9 32 36 2 3 4
ENSG00000286061 2 2 9 9 32 36 5 5
ENSG00000286061 1 2 9 9 32 36 5 5 1
ENSG00000286061 2 9 9 32 36 5 5 2
ENSG00000286061 1 9 9 32 36 5 5 2 1
ENSG00000286061 9 9 32 36 5 5 2 2
ENSG00000286061 2 6 9 32 36 5 5 2 3
ENSG00000286061 1 6 9 32 36 5 5 2 3 1
ENSG00000286061 6 9 32 36 5 5 2 3 2
ENSG00000286061 2 3 9 32 36 5 5 2 6
ENSG00000286061 1 3 9 32 36 5 5 2 6 1
ENSG00000286061 3 9 32 36 5 5 2 6 2
ENSG00000286061 2 9 32 36 5 5 2 6 2 1
ENSG00000286061 1 9 32 36 5 5 2 6 2 2
ENSG00000286061 9 32 36 5 5 2 6 2 2 1
ENSG00000286061 1 2 5 32 36 5 5 2 6 6
ENSG00000286061 2 5 32 36 5 5 2 6 6 1
ENSG00000286061 1 5 32 36 5 5 2 6 6 2
ENSG00000286061 5 32 36 5 5 2 6 6 2 1
ENSG00000286061 4 32 36 5 5 2 6 6 2 2
ENSG00000286061 3 32 36 5 5 2 6 6 5
ENSG00000286061 2 32 36 5 5 2 6 12
ENSG00000286061 1 32 36 5 7 19
ENSG00000286061 32 36 5 7 19 1
ENSG00000286061 1 12 14 4 36 5 7 19 2
ENSG00000286061 12 14 4 36 5 7 19 3
ENSG00000286061 11 14 4 36 5 7 23
ENSG00000286061 1 2 3 4 14 4 36 5 7 24
ENSG00000286061 2 3 4 14 4 41 7 25
ENSG00000286061 1 3 4 14 4 41 7 25 1
ENSG00000286061 3 4 14 4 41 7 25 2
ENSG00000286061 2 4 14 4 41 7 25 2 1
ENSG00000286061 1 4 14 4 41 7 25 4
ENSG00000286061 4 14 4 41 7 25 5
ENSG00000286061 2 1 14 4 41 7 25 5 1
ENSG00000286061 1 1 14 4 41 7 25 5 2
ENSG00000286061 1 14 4 41 7 25 5 3
ENSG00000286061 14 4 41 7 25 5 4
ENSG00000286061 4 9 4 41 7 25 5 5
ENSG00000286061 3 9 4 41 7 25 5 6
ENSG00000286061 2 9 4 41 7 25 5 6 1
ENSG00000286061 1 9 4 41 7 25 5 6 1 1
ENSG00000286061 9 4 41 7 25 5 6 1 2
ENSG00000286061 1 3 4 4 41 7 25 5 6 4
ENSG00000286061 3 4 4 41 7 25 5 6 4 1
ENSG00000286061 2 4 4 41 7 25 5 6 4 2
ENSG00000286061 1 4 4 41 7 25 5 6 4 2 1
ENSG00000286061 4 4 41 7 25 5 6 4 2 2
ENSG00000286061 3 4 41 7 25 5 6 4 2 3
ENSG00000286061 2 4 41 7 25 5 6 10
ENSG00000286061 1 4 41 7 25 5 6 10 1
ENSG00000286061 4 41 7 25 5 6 10 1 1
ENSG00000286061 3 41 7 25 5 6 10 1 2
ENSG00000286061 2 41 7 25 5 6 10 1 2 1
ENSG00000286061 1 41 7 25 5 6 10 5
ENSG00000286061 41 7 25 5 6 16
ENSG00000286061 7 7 4 22 7 25 28
ENSG00000286061 2 4 7 4 22 7 25 28 1
ENSG00000286061 1 4 7 4 22 7 25 28 2
ENSG00000286061 4 7 4 22 7 25 28 3
ENSG00000286061 3 7 4 22 7 25 28 3 1
ENSG00000286061 2 7 4 22 7 25 28 3 2
ENSG00000286061 1 7 4 22 7 25 28 3 3
ENSG00000286061 7 4 22 7 25 28 3 4
ENSG00000286061 1 5 4 22 7 25 28 8
ENSG00000286061 5 4 22 7 25 28 8 1
ENSG00000286061 1 3 4 22 7 25 28 8 2
ENSG00000286061 3 4 22 7 25 28 8 3
ENSG00000286061 1 1 4 22 7 25 28 8 4
ENSG00000286061 1 4 22 7 25 28 8 4 1
ENSG00000286061 4 22 7 25 28 8 4 2
ENSG00000286061 3 22 7 25 28 8 7
ENSG00000286061 2 22 7 25 28 8 8
ENSG00000286061 1 22 7 25 28 8 8 1
ENSG00000286061 22 7 25 28 8 8 2
ENSG00000286061 5 13 3 7 25 28 8 8 2 1
ENSG00000286061 2 2 13 3 7 25 28 8 12
ENSG00000286061 1 2 13 3 7 25 28 8 12 1
ENSG00000286061 2 13 3 7 25 28 8 12 1 1
ENSG00000286061 1 13 3 7 25 28 8 15
ENSG00000286061 13 3 7 25 28 8 15 1
ENSG00000286061 2 10 3 7 25 28 8 15 1 1
ENSG00000286061 1 10 3 7 25 28 8 15 1 2
ENSG00000286061 10 3 7 25 28 8 15 4
ENSG00000286061 3 4 2 3 7 25 28 8 15 4 1
ENSG00000286061 2 4 2 3 7 25 28 8 21
ENSG00000286061 1 4 2 3 7 25 28 8 21 1
ENSG00000286061 4 2 3 7 25 28 31
ENSG00000286061 3 2 3 7 25 28 32
ENSG00000286061 2 2 3 7 86
ENSG00000286061 1 2 3 7 86 1
ENSG00000286061 2 3 7 86 2
ENSG00000286061 1 3 7 86 3
ENSG00000286061 3 7 86 3 1
ENSG00000286061 2 7 86 3 2
ENSG00000286061 1 7 86 3 2 1
ENSG00000286061 7 86 3 4
ENSG00000286061 6 86 3 4 1
ENSG00000286061 3 2 86 3 4 2
ENSG00000286061 2 2 86 3 7
ENSG00000286061 1 2 86 3 7 1
ENSG00000286061 2 86 12
ENSG00000286061 1 86 13
ENSG00000286061 86 13 1
ENSG00000286061 2 11 72 13 2
ENSG00000286061 1 11 72 13 3
ENSG00000286061 11 72 13 3 1
ENSG00000286061 4 6 72 13 5
ENSG00000286061 1 2 6 72 13 6
ENSG00000286061 2 6 72 13 6 1
ENSG00000286061 1 6 72 13 6 2
ENSG00000286061 6 72 13 6 3
ENSG00000286061 1 2 2 72 13 6 4
ENSG00000286061 2 2 72 13 6 4 1
ENSG00000286061 1 2 72 13 6 4 2
ENSG00000286061 2 72 13 13
ENSG00000286061 1 72 13 14
ENSG00000286061 85 15
ENSG00000286061 27 14 21 22 15 1
ENSG00000286061 3 11 7 5 14 21 22 15 2
ENSG00000286061 2 11 7 5 14 21 22 15 3
ENSG00000286061 1 11 7 5 14 21 22 15 3 1
ENSG00000286061 11 7 5 14 21 22 15 3 2
ENSG00000286061 10 7 5 14 21 22 15 3 3
ENSG00000286061 4 5 7 5 14 21 22 15 3 3 1
ENSG00000286061 3 5 7 5 14 21 22 15 3 3 2
ENSG00000286061 2 5 7 5 14 21 22 15 3 3 3
ENSG00000286061 1 5 7 5 14 21 22 15 3 7
ENSG00000286061 5 7 5 14 21 22 15 11
ENSG00000286061 1 3 7 5 14 21 22 15 11 1
ENSG00000286061 3 7 5 14 21 22 15 11 2
ENSG00000286061 2 7 5 14 21 22 15 11 3
ENSG00000286061 1 7 5 14 21 22 15 11 3 1
ENSG00000286061 7 5 14 21 22 15 11 3 1 1
ENSG00000286061 6 5 14 21 22 15 11 3 1 2
ENSG00000286061 5 5 14 21 22 15 11 3 1 3
ENSG00000286061 4 5 14 21 22 15 11 3 1 3 1
ENSG00000286061 2 1 5 14 21 22 15 11 3 1 3 2
ENSG00000286061 1 1 5 14 21 22 15 11 3 7
ENSG00000286061 1 5 14 21 22 15 11 3 7 1
ENSG00000286061 5 14 21 22 15 11 3 7 2
ENSG00000286061 2 2 14 21 22 15 11 3 10
ENSG00000286061 1 2 14 21 22 15 11 3 11
ENSG00000286061 2 14 21 22 15 11 3 11 1
ENSG00000286061 1 14 21 22 15 11 3 11 2
ENSG00000286061 14 21 22 15 11 17
ENSG00000286061 4 9 21 22 15 11 17 1
ENSG00000286061 3 9 21 22 15 11 17 2
ENSG00000286061 1 1 9 21 22 15 11 17 2 1
ENSG00000286061 1 9 21 22 15 11 17 4
ENSG00000286061 9 21 22 15 11 17 4 1
ENSG00000286061 1 4 3 21 22 15 11 17 4 2
ENSG00000286061 4 3 21 22 15 11 17 4 2 1
ENSG00000286061 3 3 21 22 15 11 17 4 2 2
ENSG00000286061 2 3 21 22 15 11 17 9
ENSG00000286061 1 3 21 22 15 11 17 9 1
ENSG00000286061 3 21 22 15 11 17 9 2
ENSG00000286061 2 21 22 15 11 17 9 2 1
ENSG00000286061 1 21 22 15 11 17 9 2 2
ENSG00000286061 21 22 15 11 17 9 2 3
ENSG00000286061 4 8 8 22 15 11 17 15
ENSG00000286061 3 8 8 22 15 11 17 15 1
ENSG00000286061 2 8 8 22 15 11 17 15 2
ENSG00000286061 1 8 8 22 15 11 17 15 2 1
ENSG00000286061 8 8 22 15 11 17 15 4
ENSG00000286061 3 4 8 22 15 11 17 15 4 1
ENSG00000286061 2 4 8 22 15 11 17 15 4 2
ENSG00000286061 1 4 8 22 15 11 39
ENSG00000286061 4 8 22 15 11 39 1
ENSG00000286061 3 8 22 15 11 41
ENSG00000286061 2 8 22 15 53
ENSG00000286061 1 8 22 15 53 1
ENSG00000286061 8 22 15 53 1 1
ENSG00000286061 1 6 22 15 53 1 2
ENSG00000286061 6 22 15 53 4
ENSG00000286061 1 1 3 22 15 53 5
ENSG00000286061 1 3 22 15 53 6
ENSG00000286061 3 22 15 53 6 1
ENSG00000286061 1 1 22 15 53 6 2
ENSG00000286061 1 22 15 53 6 3
ENSG00000286061 22 15 53 6 4
ENSG00000286061 11 10 15 53 6 4 1
ENSG00000286061 1 9 10 15 53 6 4 2
ENSG00000286061 9 10 15 53 6 7
ENSG00000286061 1 4 3 10 15 53 14
ENSG00000286061 4 3 10 15 68
ENSG00000286061 3 3 10 15 68 1
ENSG00000286061 2 3 10 15 68 2
ENSG00000286061 1 3 10 15 68 2 1
ENSG00000286061 3 10 15 68 4
ENSG00000286061 2 10 15 68 5
ENSG00000286061 1 10 15 68 5 1
ENSG00000286061 10 15 68 5 2
ENSG00000286061 1 2 6 15 68 5 2 1
ENSG00000286061 2 6 15 68 5 4
ENSG00000286061 1 6 15 68 5 4 1
ENSG00000286061 6 15 68 5 4 2
ENSG00000286061 5 15 68 5 4 3
ENSG00000286061 1 3 15 68 5 4 4
ENSG00000286061 3 15 68 5 4 5
ENSG00000286061 2 15 68 5 10
ENSG00000286061 1 15 68 16
ENSG00000286061 15 68 16 1
ENSG00000286061 5 9 3 51 14 9 7 2
ENSG00000286061 1 3 9 3 51 14 9 7 3
ENSG00000286061 3 9 3 51 14 9 7 3 1
ENSG00000286061 2 9 3 51 14 9 7 5
ENSG00000286061 1 9 3 51 14 9 7 5 1
ENSG00000286061 9 3 51 14 9 7 5 2
ENSG00000286061 8 3 51 14 9 7 5 3
ENSG00000286061 2 5 3 51 14 9 7 5 3 1
ENSG00000286061 1 5 3 51 14 9 7 5 5
ENSG00000286061 5 3 51 14 9 7 5 5 1
ENSG00000286061 4 3 51 14 9 7 5 5 2
ENSG00000286061 3 3 51 14 9 7 5 5 3
ENSG00000286061 2 3 51 14 9 7 5 5 3 1
ENSG00000286061 1 3 51 14 9 7 5 5 3 2
ENSG00000286061 3 51 14 9 7 5 5 3 3
ENSG00000286061 2 51 14 9 7 5 5 3 4
ENSG00000286061 1 51 14 9 7 5 5 8
ENSG00000286061 51 14 9 7 5 5 3 5 1
ENSG00000286061 2 5 43 14 9 7 5 5 3 5 2
ENSG00000286061 1 5 43 14 9 7 5 5 3 8
ENSG00000286061 5 43 14 9 7 5 5 3 8 1
ENSG00000286061 4 43 14 9 7 5 5 3 8 2
ENSG00000286061 3 43 14 9 7 5 5 3 11
ENSG00000286061 2 43 14 9 7 5 5 3 11 1
ENSG00000286061 1 43 14 9 7 5 5 3 11 2
ENSG00000286061 43 14 9 7 5 5 3 14
ENSG00000286061 3 39 14 9 7 13 15
ENSG00000286061 1 1 39 14 9 7 13 15 1
ENSG00000286061 1 39 14 9 7 13 15 2
ENSG00000286061 39 14 9 7 13 15 3
ENSG00000286061 2 21 15 14 9 7 13 15 3 1
ENSG00000286061 1 21 15 14 9 7 13 15 3 2
ENSG00000286061 21 15 14 9 7 13 15 3 3
ENSG00000286061 2 4 6 4 9 9 5 10 19 24 5 3
ENSG00000286061 1 4 6 4 9 9 5 10 19 24 5 3 1
ENSG00000286061 4 6 4 9 9 5 10 19 24 5 3 2
ENSG00000286061 1 2 6 4 9 9 5 10 19 24 5 6
ENSG00000286061 2 6 4 9 9 5 10 19 24 5 6 1
ENSG00000286061 1 6 4 9 9 5 10 19 24 5 6 2
ENSG00000286061 6 4 9 9 5 10 19 24 5 6 2 1
ENSG00000286061 1 4 4 9 9 5 10 19 24 5 6 4
ENSG00000286061 4 4 9 9 5 10 19 24 16
ENSG00000286061 1 2 4 9 9 5 10 19 24 16 1
ENSG00000286061 2 4 9 9 5 10 19 24 16 2
ENSG00000286061 1 4 9 9 5 10 19 24 19
ENSG00000286061 4 9 9 5 10 19 24 19 1
ENSG00000286061 3 9 9 5 10 64
ENSG00000286061 1 1 9 9 5 75
ENSG00000286061 1 9 9 5 75 1
ENSG00000286061 9 9 5 75 2
ENSG00000286061 1 7 9 5 75 3
ENSG00000286061 7 9 5 75 4
ENSG00000286061 6 9 5 75 4 1
ENSG00000286061 2 3 9 5 75 4 2
ENSG00000286061 1 3 9 5 75 4 3
ENSG00000286061 3 9 5 75 4 4
ENSG00000286061 1 1 9 5 75 4 5
ENSG00000286061 1 9 5 75 4 5 1
ENSG00000286061 9 5 75 4 5 2
ENSG00000286061 1 7 5 75 4 8
ENSG00000286061 7 5 75 4 8 1
ENSG00000286061 2 2 2 5 75 4 10
ENSG00000286061 1 2 2 5 75 4 10 1
ENSG00000286061 2 2 5 75 4 10 2
ENSG00000286061 1 2 5 75 4 10 2 1
ENSG00000286061 2 5 75 4 10 4
ENSG00000286061 1 5 75 4 10 4 1
ENSG00000286061 5 75 4 10 6
ENSG00000286061 2 2 75 4 10 7
ENSG00000286061 1 2 75 4 18
ENSG00000286061 2 75 4 18 1
ENSG00000286061 1 75 4 18 2
ENSG00000286061 75 4 18 3
ENSG00000286061 13 23 38 4 18 4
ENSG00000286061 1 11 23 65
ENSG00000286061 11 23 65 1
ENSG00000286061 2 8 23 65 2
ENSG00000286061 1 8 23 65 2 1
ENSG00000286061 8 23 65 2 2
ENSG00000286061 4 3 23 65 2 3
ENSG00000286061 2 1 3 23 65 6
ENSG00000286061 1 1 3 23 65 7
ENSG00000286061 1 3 23 65 8
ENSG00000286061 3 23 74
ENSG00000286061 2 23 74 1
ENSG00000286061 1 23 74 2
ENSG00000286061 23 74 3
ENSG00000286061 1 21 74 3 1
ENSG00000286061 21 74 3 2
ENSG00000286061 6 14 74 6
ENSG00000286061 2 3 14 74 6 1
ENSG00000286061 1 3 14 74 6 2
ENSG00000286061 3 14 74 6 2 1
ENSG00000286061 2 14 74 6 2 2
ENSG00000286061 1 14 74 6 5
ENSG00000286061 14 74 6 5 1
ENSG00000286061 7 6 74 6 5 2
ENSG00000286061 4 2 6 74 6 8
ENSG00000286061 1 2 2 6 74 15
ENSG00000286061 2 2 6 90
ENSG00000286061 1 2 6 90 1
ENSG00000286061 2 6 90 2
ENSG00000286061 1 6 90 3
ENSG00000286061 6 90 4
ENSG00000286061 1 4 90 4 1
ENSG00000286061 4 90 4 2
ENSG00000286061 3 90 4 3
ENSG00000286061 2 90 4 3 1
ENSG00000286061 1 90 4 5
ENSG00000286061 90 10
ENSG00000286061 15 11 40 23 10 1
ENSG00000286061 6 8 11 40 23 10 1 1
ENSG00000286061 3 2 8 11 40 23 10 3
ENSG00000286061 2 2 8 11 40 23 10 4
ENSG00000286061 1 2 8 11 40 23 10 4 1
ENSG00000286061 2 8 11 40 23 10 4 1 1
ENSG00000286061 1 8 11 40 23 10 4 1 2
ENSG00000286061 8 11 40 23 10 4 1 3
ENSG00000286061 7 11 40 23 10 4 1 3 1
ENSG00000286061 6 11 40 23 10 4 1 3 2
ENSG00000286061 2 3 11 40 23 10 4 1 6
ENSG00000286061 1 3 11 40 23 10 4 1 7
ENSG00000286061 3 11 40 23 15 8
ENSG00000286061 2 11 40 23 15 8 1
ENSG00000286061 1 11 40 23 15 8 2
ENSG00000286061 11 40 23 15 8 2 1
ENSG00000286061 10 40 23 15 8 2 2
ENSG00000286061 3 6 40 23 15 8 5
ENSG00000286061 2 6 40 23 15 8 5 1
ENSG00000286061 1 6 40 23 15 8 7
ENSG00000286061 6 40 23 15 8 7 1
ENSG00000286061 2 3 40 23 15 8 7 2
ENSG00000286061 1 3 40 23 15 8 7 2 1
ENSG00000286061 3 40 23 15 8 7 2 2
ENSG00000286061 2 40 23 15 8 7 5
ENSG00000286061 1 40 23 15 21
ENSG00000286061 40 23 15 21 1
ENSG00000286061 1 13 5 20 23 15 21 2
ENSG00000286061 13 5 20 23 15 21 3
ENSG00000286061 2 10 5 20 23 15 21 3 1
ENSG00000286061 1 10 5 20 23 15 21 3 2
ENSG00000286061 10 5 20 23 15 21 3 2 1
ENSG00000286061 5 4 5 20 23 15 21 3 2 2
ENSG00000286061 1 3 4 5 20 23 15 21 3 2 3
ENSG00000286061 3 4 5 20 23 15 21 3 2 4
ENSG00000286061 2 4 5 20 23 15 21 10
ENSG00000286061 1 4 5 20 23 15 21 10 1
ENSG00000286061 4 5 20 23 15 21 12
ENSG00000286061 3 5 20 23 15 21 12 1
ENSG00000286061 2 5 20 23 15 21 12 2
ENSG00000286061 1 5 20 23 15 21 12 2 1
ENSG00000286061 5 20 23 15 21 12 2 2
ENSG00000286061 4 20 23 15 21 12 2 3
ENSG00000286061 3 20 23 15 21 12 6
ENSG00000286061 2 20 23 15 21 19
ENSG00000286061 1 20 23 15 21 19 1
ENSG00000286061 20 23 15 21 19 2
ENSG00000286061 4 8 7 23 15 21 19 2 1
ENSG00000286061 1 2 8 7 23 15 21 19 2 2
ENSG00000286061 2 8 7 23 15 21 19 5
ENSG00000286061 1 8 7 23 15 21 19 6
ENSG00000286061 8 7 23 15 21 19 6 1
ENSG00000286061 1 6 7 23 15 21 19 6 2
ENSG00000286061 6 7 23 15 21 19 6 3
ENSG00000286061 1 4 7 23 15 21 19 6 4
ENSG00000286061 4 7 23 15 21 19 6 4 1
ENSG00000286061 3 7 23 15 21 19 6 4 2
ENSG00000286061 2 7 23 15 21 19 6 4 3
ENSG00000286061 1 7 23 15 21 19 6 4 3 1
ENSG00000286061 7 23 15 21 19 6 4 3 2
ENSG00000286061 4 2 23 15 21 19 6 4 3 3
ENSG00000286061 3 2 23 15 21 19 6 4 7
ENSG00000286061 2 2 23 15 21 37
ENSG00000286061 1 2 23 15 21 37 1
ENSG00000286061 2 23 15 21 37 2
ENSG00000286061 1 23 15 21 37 2 1
ENSG00000286061 23 15 21 37 4
ENSG00000286061 14 8 15 21 37 5
ENSG00000286061 5 8 8 15 21 37 6
ENSG00000286061 4 8 8 15 21 37 6 1
ENSG00000286061 3 8 8 15 21 37 6 2
ENSG00000286061 2 8 8 15 21 37 6 2 1
ENSG00000286061 1 8 8 15 21 37 6 2 1 1
ENSG00000286061 8 8 15 21 37 6 2 3
ENSG00000286061 2 3 2 8 15 21 37 6 2 3 1
ENSG00000286061 1 3 2 8 15 21 37 6 2 3 2
ENSG00000286061 3 2 8 15 21 37 6 2 3 3
ENSG00000286061 2 2 8 15 21 37 6 2 3 4
ENSG00000286061 1 2 8 15 21 37 6 2 3 4 1
ENSG00000286061 2 8 15 21 37 6 2 3 4 2
ENSG00000286061 1 8 15 21 37 6 2 3 4 3
ENSG00000286061 8 15 21 37 6 2 3 8
ENSG00000286061 2 5 15 21 37 6 2 3 8 1
ENSG00000286061 1 5 15 21 37 6 2 3 8 2
ENSG00000286061 5 15 21 37 6 2 3 8 2 1
ENSG00000286061 4 15 21 37 6 2 3 8 2 2
ENSG00000286061 3 15 21 37 6 2 3 8 5
ENSG00000286061 2 15 21 37 6 2 3 8 5 1
ENSG00000286061 1 15 21 37 6 2 3 8 5 2
ENSG00000286061 15 21 37 6 2 3 8 5 3
ENSG00000286061 3 3 8 21 37 6 22
ENSG00000286061 2 3 8 21 37 6 22 1
ENSG00000286061 1 3 8 21 37 6 22 2
ENSG00000286061 3 8 21 37 6 22 3
ENSG00000286061 2 8 21 37 6 26
ENSG00000286061 1 8 21 37 6 26 1
ENSG00000286061 8 21 37 6 26 2
ENSG00000286061 2 1 4 21 37 6 26 3
ENSG00000286061 1 1 4 21 37 6 26 3 1
ENSG00000286061 1 4 21 37 6 26 3 2
ENSG00000286061 4 21 37 6 26 3 3
ENSG00000286061 2 1 21 37 6 26 7
ENSG00000286061 1 1 21 37 6 26 7 1
ENSG00000286061 1 21 37 6 26 7 2
ENSG00000286061 21 37 6 36
ENSG00000286061 2 18 37 6 26 10 1
ENSG00000286061 1 18 37 6 26 10 2
ENSG00000286061 18 37 6 26 10 3
ENSG00000286061 6 11 5 9 23 6 26 10 3 1
ENSG00000286061 3 2 11 5 9 23 6 26 10 3 2
ENSG00000286061 2 2 11 5 9 23 6 26 10 3 2 1
ENSG00000286061 1 2 11 5 9 23 6 26 10 3 4
ENSG00000286061 2 11 5 9 23 6 26 10 3 4 1
ENSG00000286061 1 11 5 9 23 6 26 10 3 4 2
ENSG00000286061 11 5 9 23 6 26 10 3 4 3
ENSG00000286061 4 2 4 5 9 23 6 26 10 3 4 3 1
ENSG00000286061 1 2 2 4 5 9 23 6 26 10 3 4 3 2
ENSG00000286061 2 2 4 5 9 23 6 26 10 3 4 3 3
ENSG00000286061 1 2 4 5 9 23 6 26 10 3 7 4
ENSG00000286061 2 4 5 9 23 6 26 20 5
ENSG00000286061 1 4 5 9 23 6 26 20 5 1
ENSG00000286061 4 5 9 23 6 26 20 5 2
ENSG00000286061 3 5 9 23 6 26 20 5 2 1
ENSG00000286061 2 5 9 23 6 26 20 5 2 2
ENSG00000286061 1 5 9 23 6 26 20 5 2 3
ENSG00000286061 5 9 23 6 26 20 5 6
ENSG00000286061 2 2 9 23 32 20 12
ENSG00000286061 1 2 9 23 32 20 12 1
ENSG00000286061 2 9 23 32 20 12 2
ENSG00000286061 1 9 23 32 20 12 3
ENSG00000286061 9 23 32 20 12 4
ENSG00000286061 8 23 32 20 12 4 1
ENSG00000286061 5 2 23 32 20 12 6
ENSG00000286061 4 2 23 32 20 12 6 1
ENSG00000286061 1 2 2 23 32 20 12 6 2
ENSG00000286061 2 2 23 32 20 12 6 2 1
ENSG00000286061 1 2 23 32 20 12 6 2 2
ENSG00000286061 2 23 32 20 12 6 5
ENSG00000286061 1 23 32 20 12 6 2 4
ENSG00000286061 23 32 20 12 6 2 5
ENSG00000286061 4 2 11 5 32 20 12 6 2 6
ENSG00000286061 3 2 11 5 32 20 12 6 2 6 1
ENSG00000286061 2 2 11 5 32 20 12 6 2 6 2
ENSG00000286061 1 2 11 5 32 20 12 6 2 6 3
ENSG00000286061 2 11 5 32 20 12 6 2 6 3 1
ENSG00000286061 1 11 5 32 20 12 6 2 6 3 2
ENSG00000286061 11 5 32 20 12 6 2 6 6
ENSG00000286061 7 3 5 32 20 12 8 13
ENSG00000286061 2 4 3 5 32 20 12 8 13 1
ENSG00000286061 1 4 3 5 32 20 12 8 13 2
ENSG00000286061 4 3 5 32 20 12 8 13 3
ENSG00000286061 3 3 5 32 20 12 8 13 4
ENSG00000286061 2 3 5 32 20 20 18
ENSG00000286061 1 3 5 32 20 20 19
ENSG00000286061 3 5 32 20 20 20
ENSG00000286061 2 5 32 20 20 20 1
ENSG00000286061 1 5 32 20 20 20 2
ENSG00000286061 5 32 20 20 20 2 1
ENSG00000286061 4 32 20 20 20 2 2
ENSG00000286061 3 32 20 20 20 5
ENSG00000286061 2 32 20 20 20 5 1
ENSG00000286061 1 32 20 20 20 5 2
ENSG00000286061 32 20 20 20 8
ENSG00000286061 1 9 21 20 20 20 8 1
ENSG00000286061 9 21 20 20 20 8 2
ENSG00000286061 8 21 20 20 20 8 3
ENSG00000286061 2 3 2 21 20 20 20 8 3 1
ENSG00000286061 1 3 2 21 20 20 20 8 3 2
ENSG00000286061 3 2 21 20 20 20 8 3 2 1
ENSG00000286061 1 1 2 21 20 20 20 8 7
ENSG00000286061 1 2 21 20 20 20 8 7 1
ENSG00000286061 2 21 20 20 20 8 7 2
ENSG00000286061 1 21 20 20 20 8 7 3
ENSG00000286061 21 20 20 20 8 7 4
ENSG00000286061 3 17 20 20 20 8 7 5
ENSG00000286061 2 17 20 20 20 8 7 5 1
ENSG00000286061 1 17 20 20 20 8 7 5 2
ENSG00000286061 17 20 20 20 8 7 5 2 1
ENSG00000286061 5 11 20 20 20 8 7 5 4
ENSG00000286061 2 2 11 20 20 20 8 17
ENSG00000286061 1 2 11 20 20 20 8 17 1
ENSG00000286061 2 11 20 20 20 27
ENSG00000286061 1 11 20 20 20 27 1
ENSG00000286061 11 20 20 20 27 2
ENSG00000286061 2 8 20 20 20 27 3
ENSG00000286061 1 8 20 20 20 27 3 1
ENSG00000286061 8 20 20 20 27 3 2
ENSG00000286061 3 4 20 20 20 33
ENSG00000286061 2 4 20 20 20 33 1
ENSG00000286061 1 4 20 20 20 33 1 1
ENSG00000286061 4 20 20 20 33 1 2
ENSG00000286061 3 20 20 20 33 4
ENSG00000286061 2 20 20 20 33 5
ENSG00000286061 1 20 20 20 33 6
ENSG00000286061 20 20 20 33 6 1
ENSG00000286061 2 17 20 20 33 6 2
ENSG00000286061 1 17 20 20 33 6 2 1
ENSG00000286061 17 20 20 33 6 2 2
ENSG00000286061 6 5 5 20 20 33 11
ENSG00000286061 5 5 5 20 20 33 11 1
ENSG00000286061 1 3 5 5 20 20 33 11 2
ENSG00000286061 3 5 5 20 20 33 11 3
ENSG00000286061 2 5 5 20 20 33 11 4
ENSG00000286061 1 5 5 20 20 33 11 4 1
ENSG00000286061 5 5 20 20 33 11 4 2
ENSG00000286061 2 2 5 20 20 33 11 4 3
ENSG00000286061 1 2 5 20 20 33 11 4 4
ENSG00000286061 2 5 20 20 33 11 4 4 1
ENSG00000286061 1 5 20 20 33 11 4 4 2
ENSG00000286061 5 20 20 33 11 4 7
ENSG00000286061 1 3 20 20 33 11 4 8
ENSG00000286061 3 20 20 33 11 4 8 1
ENSG00000286061 2 20 20 33 11 4 8 2
ENSG00000286061 1 20 20 33 11 4 11
ENSG00000286061 20 20 33 11 16
ENSG00000286061 6 13 20 33 11 16 1
ENSG00000286061 5 13 20 33 11 16 2
ENSG00000286061 2 2 13 20 33 11 16 2 1
ENSG00000286061 1 2 13 20 33 11 16 4
ENSG00000286061 2 13 20 33 11 16 4 1
ENSG00000286061 1 13 20 33 11 16 6
ENSG00000286061 13 20 33 11 16 6 1
ENSG00000286061 10 2 20 33 11 16 6 1 1
ENSG00000286061 3 6 2 20 33 11 16 6 1 2
ENSG00000286061 2 6 2 20 33 11 16 6 4
ENSG00000286061 1 6 2 20 33 11 16 6 5
ENSG00000286061 6 2 20 33 11 16 6 5 1
ENSG00000286061 5 2 20 33 11 16 6 5 2
ENSG00000286061 4 2 20 33 11 16 6 5 3
ENSG00000286061 1 2 2 20 33 11 16 15
ENSG00000286061 2 2 20 33 11 16 15 1
ENSG00000286061 1 2 20 33 11 16 15 2
ENSG00000286061 2 20 33 11 16 15 2 1
ENSG00000286061 1 20 33 11 16 15 2 2
ENSG00000286061 20 33 11 16 15 2 3
ENSG00000286061 5 14 11 9 13 11 8 8 15 2 3 1
ENSG00000286061 4 14 11 9 13 11 8 8 15 7
ENSG00000286061 3 14 11 9 13 19 31
ENSG00000286061 2 14 11 9 32 32
ENSG00000286061 1 14 11 9 32 32 1
ENSG00000286061 14 11 9 32 32 2
ENSG00000286061 2 11 2 9 9 32 32 3
ENSG00000286061 1 11 2 9 9 32 36
ENSG00000286061 11 2 9 9 32 36 1
ENSG00000286061 3 7 2 9 9 32 36 2
ENSG00000286061 2 7 2 9 9 32 36 2 1
ENSG00000286061 1 7 2 9 9 32 36 2 2
ENSG00000286061 7 2 9 9 32 36 2 3
ENSG00000286061 6 2 9 9 32 36 2 3 1
ENSG00000286061 5 2 9 9 32 36 2 3 2
ENSG00000286061 4 2 9 9 32 36 2 3 3
ENSG00000286061 3 2 9 9 32 36 2 3 4
ENSG00000286061 2 2 9 9 32 36 5 5
ENSG00000286061 1 2 9 9 32 36 5 5 1
ENSG00000286061 2 9 9 32 36 5 5 2
ENSG00000286061 1 9 9 32 36 5 5 2 1
ENSG00000286061 9 9 32 36 5 5 2 2
ENSG00000286061 2 6 9 32 36 5 5 2 3
ENSG00000286061 1 6 9 32 36 5 5 2 3 1
ENSG00000286061 6 9 32 36 5 5 2 3 2
ENSG00000286061 2 3 9 32 36 5 5 2 6
ENSG00000286061 1 3 9 32 36 5 5 2 6 1
ENSG00000286061 3 9 32 36 5 5 2 6 2
ENSG00000286061 2 9 32 36 5 5 2 6 2 1
ENSG00000286061 1 9 32 36 5 5 2 6 2 2
ENSG00000286061 9 32 36 5 5 2 6 2 2 1
ENSG00000286061 1 2 5 32 36 5 5 2 6 6
ENSG00000286061 2 5 32 36 5 5 2 6 6 1
ENSG00000286061 1 5 32 36 5 5 2 6 6 2
ENSG00000286061 5 32 36 5 5 2 6 6 2 1
ENSG00000286061 4 32 36 5 5 2 6 6 2 2
ENSG00000286061 3 32 36 5 5 2 6 6 5
ENSG00000286061 2 32 36 5 5 2 6 12
ENSG00000286061 1 32 36 5 7 19
ENSG00000286061 32 36 5 7 19 1
ENSG00000286061 1 12 14 4 36 5 7 19 2
ENSG00000286061 12 14 4 36 5 7 19 3
ENSG00000286061 11 14 4 36 5 7 23
ENSG00000286061 1 2 3 4 14 4 36 5 7 24
ENSG00000286061 2 3 4 14 4 41 7 25
ENSG00000286061 1 3 4 14 4 41 7 25 1
ENSG00000286061 3 4 14 4 41 7 25 2
ENSG00000286061 2 4 14 4 41 7 25 2 1
ENSG00000286061 1 4 14 4 41 7 25 4
ENSG00000286061 4 14 4 41 7 25 5
ENSG00000286061 2 1 14 4 41 7 25 5 1
ENSG00000286061 1 1 14 4 41 7 25 5 2
ENSG00000286061 1 14 4 41 7 25 5 3
ENSG00000286061 14 4 41 7 25 5 4
ENSG00000286061 4 9 4 41 7 25 5 5
ENSG00000286061 3 9 4 41 7 25 5 6
ENSG00000286061 2 9 4 41 7 25 5 6 1
ENSG00000286061 1 9 4 41 7 25 5 6 1 1
ENSG00000286061 9 4 41 7 25 5 6 1 2
ENSG00000286061 1 3 4 4 41 7 25 5 6 4
ENSG00000286061 3 4 4 41 7 25 5 6 4 1
ENSG00000286061 2 4 4 41 7 25 5 6 4 2
ENSG00000286061 1 4 4 41 7 25 5 6 4 2 1
ENSG00000286061 4 4 41 7 25 5 6 4 2 2
ENSG00000286061 3 4 41 7 25 5 6 4 2 3
ENSG00000286061 2 4 41 7 25 5 6 10
ENSG00000286061 1 4 41 7 25 5 6 10 1
ENSG00000286061 4 41 7 25 5 6 10 1 1
ENSG00000286061 3 41 7 25 5 6 10 1 2
ENSG00000286061 2 41 7 25 5 6 10 1 2 1
ENSG00000286061 1 41 7 25 5 6 10 5
ENSG00000286061 41 7 25 5 6 16
ENSG00000286061 7 7 4 22 7 25 28
ENSG00000286061 2 4 7 4 22 7 25 28 1
ENSG00000286061 1 4 7 4 22 7 25 28 2
ENSG00000286061 4 7 4 22 7 25 28 3
ENSG00000286061 3 7 4 22 7 25 28 3 1
ENSG00000286061 2 7 4 22 7 25 28 3 2
ENSG00000286061 1 7 4 22 7 25 28 3 3
ENSG00000286061 7 4 22 7 25 28 3 4
ENSG00000286061 1 5 4 22 7 25 28 8
ENSG00000286061 5 4 22 7 25 28 8 1
ENSG00000286061 1 3 4 22 7 25 28 8 2
ENSG00000286061 3 4 22 7 25 28 8 3
ENSG00000286061 1 1 4 22 7 25 28 8 4
ENSG00000286061 1 4 22 7 25 28 8 4 1
ENSG00000286061 4 22 7 25 28 8 4 2
ENSG00000286061 3 22 7 25 28 8 7
ENSG00000286061 2 22 7 25 28 8 8
ENSG00000286061 1 22 7 25 28 8 8 1
ENSG00000286061 22 7 25 28 8 8 2
ENSG00000286061 5 13 3 7 25 28 8 8 2 1
ENSG00000286061 2 2 13 3 7 25 28 8 12
ENSG00000286061 1 2 13 3 7 25 28 8 12 1
ENSG00000286061 2 13 3 7 25 28 8 12 1 1
ENSG00000286061 1 13 3 7 25 28 8 15
ENSG00000286061 13 3 7 25 28 8 15 1
ENSG00000286061 2 10 3 7 25 28 8 15 1 1
ENSG00000286061 1 10 3 7 25 28 8 15 1 2
ENSG00000286061 10 3 7 25 28 8 15 4
ENSG00000286061 3 4 2 3 7 25 28 8 15 4 1
ENSG00000286061 2 4 2 3 7 25 28 8 21
ENSG00000286061 1 4 2 3 7 25 28 8 21 1
ENSG00000286061 4 2 3 7 25 28 31
ENSG00000286061 3 2 3 7 25 28 32
ENSG00000286061 2 2 3 7 86
ENSG00000286061 1 2 3 7 86 1
ENSG00000286061 2 3 7 86 2
ENSG00000286061 1 3 7 86 3
ENSG00000286061 3 7 86 3 1
ENSG00000286061 2 7 86 3 2
ENSG00000286061 1 7 86 3 2 1
ENSG00000286061 7 86 3 4
ENSG00000286061 6 86 3 4 1
ENSG00000286061 3 2 86 3 4 2
ENSG00000286061 2 2 86 3 7
ENSG00000286061 1 2 86 3 7 1
ENSG00000286061 2 86 12
ENSG00000286061 1 86 13
ENSG00000286061 86 13 1
ENSG00000286061 2 11 72 13 2
ENSG00000286061 1 11 72 13 3
ENSG00000286061 11 72 13 3 1
ENSG00000286061 4 6 72 13 5
ENSG00000286061 1 2 6 72 13 6
ENSG00000286061 2 6 72 13 6 1
ENSG00000286061 1 6 72 13 6 2
ENSG00000286061 6 72 13 6 3
ENSG00000286061 1 2 2 72 13 6 4
ENSG00000286061 2 2 72 13 6 4 1
ENSG00000286061 1 2 72 13 6 4 2
ENSG00000286061 2 72 13 13
ENSG00000286061 1 72 13 14
ENSG00000286061 85 15
ENSG00000286061 27 14 21 22 15 1
ENSG00000286061 3 11 7 5 14 21 22 15 2
ENSG00000286061 2 11 7 5 14 21 22 15 3
ENSG00000286061 1 11 7 5 14 21 22 15 3 1
ENSG00000286061 11 7 5 14 21 22 15 3 2
ENSG00000286061 10 7 5 14 21 22 15 3 3
ENSG00000286061 4 5 7 5 14 21 22 15 3 3 1
ENSG00000286061 3 5 7 5 14 21 22 15 3 3 2
ENSG00000286061 2 5 7 5 14 21 22 15 3 3 3
ENSG00000286061 1 5 7 5 14 21 22 15 3 7
ENSG00000286061 5 7 5 14 21 22 15 11
ENSG00000286061 1 3 7 5 14 21 22 15 11 1
ENSG00000286061 3 7 5 14 21 22 15 11 2
ENSG00000286061 2 7 5 14 21 22 15 11 3
ENSG00000286061 1 7 5 14 21 22 15 11 4
ENSG00000286061 7 5 14 21 22 15 16
ENSG00000286061 6 5 14 21 22 15 16 1
ENSG00000286061 5 5 14 21 22 15 16 2
ENSG00000286061 4 5 14 21 22 15 16 2 1
ENSG00000286061 2 1 5 14 21 22 15 16 2 2
ENSG00000286061 1 1 5 14 21 22 15 16 2 2 1
ENSG00000286061 1 5 14 21 22 15 16 2 4
ENSG00000286061 5 14 21 22 15 16 2 4 1
ENSG00000286061 2 2 14 21 22 15 16 2 6
ENSG00000286061 1 2 14 21 22 15 16 2 6 1
ENSG00000286061 2 14 21 22 15 16 2 6 2
ENSG00000286061 1 14 21 22 15 16 2 6 2 1
ENSG00000286061 14 21 22 15 16 2 6 2 2
ENSG00000286061 4 9 21 22 15 16 13
ENSG00000286061 3 9 21 22 15 16 13 1
ENSG00000286061 1 1 9 21 22 15 16 13 1 1
ENSG00000286061 1 9 21 22 15 16 13 3
ENSG00000286061 9 21 22 15 16 13 3 1
ENSG00000286061 1 4 3 21 22 15 16 13 3 2
ENSG00000286061 4 3 21 22 15 16 13 6
ENSG00000286061 3 3 21 22 15 16 20
ENSG00000286061 2 3 21 22 15 16 20 1
ENSG00000286061 1 3 21 22 15 16 20 2
ENSG00000286061 3 21 22 15 16 20 2 1
ENSG00000286061 2 21 22 15 16 20 2 1 1
ENSG00000286061 1 21 22 15 16 20 2 3
ENSG00000286061 21 22 15 16 20 2 3 1
ENSG00000286061 4 8 8 22 15 16 20 2 5
ENSG00000286061 3 8 8 22 15 16 20 8
ENSG00000286061 2 8 8 22 15 16 20 8 1
ENSG00000286061 1 8 8 22 15 16 20 8 2
ENSG00000286061 8 8 22 15 16 20 8 2 1
ENSG00000286061 3 4 8 22 15 16 20 8 4
ENSG00000286061 2 4 8 22 15 16 20 8 4 1
ENSG00000286061 1 4 8 22 15 16 20 8 4 2
ENSG00000286061 4 8 22 15 16 20 8 4 3
ENSG00000286061 3 8 22 15 16 20 8 4 3 1
ENSG00000286061 2 8 22 15 16 20 8 4 3 2
ENSG00000286061 1 8 22 15 16 20 8 4 3 2 1
ENSG00000286061 8 22 15 16 20 8 4 3 2 2
ENSG00000286061 1 6 22 15 16 20 8 4 3 5
ENSG00000286061 6 22 15 16 20 8 4 3 5 1
ENSG00000286061 1 1 3 22 15 16 20 8 4 10
ENSG00000286061 1 3 22 15 16 43
ENSG00000286061 3 22 15 16 43 1
ENSG00000286061 1 1 22 15 16 43 2
ENSG00000286061 1 22 15 16 46
ENSG00000286061 22 15 16 47
ENSG00000286061 11 10 15 16 47 1
ENSG00000286061 1 9 10 15 16 47 1 1
ENSG00000286061 9 10 15 16 47 3
ENSG00000286061 1 4 3 10 15 16 47 4
ENSG00000286061 4 3 10 15 16 47 4 1
ENSG00000286061 3 3 10 15 16 47 4 2
ENSG00000286061 2 3 10 15 16 47 4 2 1
ENSG00000286061 1 3 10 15 16 47 4 2 2
ENSG00000286061 3 10 15 16 47 4 5
ENSG00000286061 2 10 15 16 47 4 6
ENSG00000286061 1 10 15 16 47 4 6 1
ENSG00000286061 10 15 16 47 4 6 2
ENSG00000286061 1 2 6 15 16 47 13
ENSG00000286061 2 6 15 16 47 13 1
ENSG00000286061 1 6 15 16 47 13 2
ENSG00000286061 6 15 16 47 13 3
ENSG00000286061 5 15 16 47 13 4
ENSG00000286061 1 3 15 16 47 13 4 1
ENSG00000286061 3 15 16 47 19
ENSG00000286061 2 15 16 47 19 1
ENSG00000286061 1 15 16 47 19 2
ENSG00000286061 15 16 47 19 2 1
ENSG00000286061 5 9 3 13 37 10 19 2 2
ENSG00000286061 1 3 9 3 13 37 10 19 2 2 1
ENSG00000286061 3 9 3 13 37 10 19 2 4
ENSG00000286061 2 9 3 13 37 10 19 2 5
ENSG00000286061 1 9 3 13 37 10 19 8
ENSG00000286061 9 3 13 37 10 19 8 1
ENSG00000286061 8 3 13 37 10 19 8 2
ENSG00000286061 2 5 3 13 37 10 19 8 3
ENSG00000286061 1 5 3 13 37 10 19 8 4
ENSG00000286061 5 3 13 37 10 19 8 5
ENSG00000286061 4 3 13 37 10 19 8 6
ENSG00000286061 3 3 13 37 10 19 8 6 1
ENSG00000286061 2 3 13 37 10 19 8 6 2
ENSG00000286061 1 3 13 37 10 19 8 6 2 1
ENSG00000286061 3 13 37 10 19 8 6 2 2
ENSG00000286061 2 13 37 10 19 8 6 2 3
ENSG00000286061 1 13 37 10 19 8 6 2 4
ENSG00000286061 13 37 10 19 21
ENSG00000286061 2 5 5 37 10 19 21 1
ENSG00000286061 1 5 5 37 10 19 21 2
ENSG00000286061 5 5 37 10 19 24
ENSG00000286061 4 5 37 10 19 24 1
ENSG00000286061 3 5 37 10 19 24 2
ENSG00000286061 2 5 37 10 19 24 3
ENSG00000286061 1 5 37 10 19 24 4
ENSG00000286061 5 37 10 19 24 5
ENSG00000286061 4 4 6 4 9 9 5 10 19 24 5 1
ENSG00000286061 3 4 6 4 9 9 5 10 19 24 5 2
ENSG00000286061 2 2 18 4 8 13 32 16 5
ENSG00000286061 1 2 18 4 8 13 32 16 5 1
ENSG00000286061 2 18 4 8 13 32 16 5 2
ENSG00000286061 1 18 4 8 13 32 16 5 3
ENSG00000286061 18 4 8 13 32 16 5 3 1
ENSG00000286061 1 8 8 4 8 13 32 16 5 5
ENSG00000286061 8 8 4 8 13 32 16 5 5 1
ENSG00000286061 5 2 8 4 8 13 32 16 5 5 2
ENSG00000286061 1 3 2 8 4 8 13 32 16 5 5 3
ENSG00000286061 3 2 8 4 8 13 32 16 5 5 3 1
ENSG00000286061 2 2 8 4 8 13 32 16 5 5 3 2
ENSG00000286061 1 2 8 4 8 13 32 16 5 5 3 3
ENSG00000286061 2 8 4 8 13 32 16 5 5 3 4
ENSG00000286061 1 8 4 8 13 32 16 5 5 8
ENSG00000286061 8 4 8 13 32 16 5 5 8 1
ENSG00000286061 7 4 8 13 32 16 5 5 8 2
ENSG00000286061 6 4 8 13 32 16 5 5 11
ENSG00000286061 3 2 4 8 13 32 16 5 5 11 1
ENSG00000286061 2 2 4 8 13 32 16 5 5 11 2
ENSG00000286061 1 2 4 8 13 32 16 5 5 14
ENSG00000286061 2 4 8 13 32 16 5 5 14 1
ENSG00000286061 1 4 8 13 32 16 5 5 14 2
ENSG00000286061 4 8 13 32 16 5 5 17
ENSG00000286061 3 8 13 32 16 28
ENSG00000286061 2 8 13 32 16 28 1
ENSG00000286061 1 8 13 32 16 28 2
ENSG00000286061 8 13 32 16 28 3
ENSG00000286061 4 3 13 32 16 28 3 1
ENSG00000286061 3 3 13 32 16 28 3 2
ENSG00000286061 1 1 3 13 32 16 28 3 3
ENSG00000286061 1 3 13 32 16 28 7
ENSG00000286061 3 13 32 16 36
ENSG00000286061 2 13 32 16 36 1
ENSG00000286061 1 13 32 16 36 2
ENSG00000286061 13 32 16 36 2 1
ENSG00000286061 8 4 32 16 36 4
ENSG00000286061 5 2 4 32 16 36 5
ENSG00000286061 4 2 4 32 16 36 6
ENSG00000286061 1 2 2 4 32 16 36 6 1
ENSG00000286061 2 2 4 32 16 36 6 2
ENSG00000286061 1 2 4 32 16 36 6 2 1
ENSG00000286061 2 4 32 16 36 6 2 1 1
ENSG00000286061 1 4 32 16 36 6 2 3
ENSG00000286061 4 32 16 36 6 2 3 1
ENSG00000286061 3 32 16 36 6 2 3 2
ENSG00000286061 2 32 16 36 6 2 3 3
ENSG00000286061 1 32 16 36 6 2 3 4
ENSG00000286061 32 16 36 6 2 3 4 1
ENSG00000286061 11 6 14 9 7 13 23 6 2 3 4 2
ENSG00000286061 1 5 4 6 14 9 7 13 23 6 2 3 4 3
ENSG00000286061 5 4 6 14 9 7 13 23 6 2 3 8
ENSG00000286061 2 2 4 6 14 9 7 13 23 6 2 3 8 1
ENSG00000286061 1 2 4 6 14 9 7 13 23 6 2 3 8 2
ENSG00000286061 2 4 6 14 9 7 13 23 6 2 3 8 2 1
ENSG00000286061 1 4 6 14 9 7 13 23 6 2 3 8 2 2
ENSG00000286061 4 6 14 9 7 13 23 6 2 3 8 5
ENSG00000286061 3 6 14 9 7 13 23 6 2 3 8 5 1
ENSG00000286061 1 1 6 14 9 7 13 23 6 2 3 8 5 2
ENSG00000286061 1 6 14 9 7 13 23 6 2 3 8 5 3
ENSG00000286061 6 14 9 7 13 23 6 22
ENSG00000286061 5 14 9 7 13 23 6 22 1
ENSG00000286061 1 2 1 14 9 7 13 23 6 22 2
ENSG00000286061 2 1 14 9 7 13 23 6 22 3
ENSG00000286061 1 1 14 9 7 13 23 6 26
ENSG00000286061 1 14 9 7 13 23 6 26 1
ENSG00000286061 14 9 7 13 23 6 26 2
ENSG00000286061 4 9 9 7 13 23 6 26 3
ENSG00000286061 3 9 9 7 13 23 6 26 3 1
ENSG00000286061 2 9 9 7 13 23 6 26 3 2
ENSG00000286061 1 9 9 7 13 23 6 26 3 3
ENSG00000286061 9 9 7 13 23 6 26 7
ENSG00000286061 8 9 7 13 23 6 26 7 1
ENSG00000286061 2 5 9 7 13 23 6 26 7 2
ENSG00000286061 1 5 9 7 13 23 6 36
ENSG00000286061 5 9 7 13 23 6 36 1
ENSG00000286061 4 9 7 13 23 6 36 2
ENSG00000286061 3 9 7 13 23 6 36 3
ENSG00000286061 2 9 7 13 23 6 36 3 1
ENSG00000286061 1 9 7 13 23 6 36 3 2
ENSG00000286061 9 7 13 23 6 36 3 2 1
ENSG00000286061 1 3 4 7 13 23 6 36 3 4
ENSG00000286061 3 4 7 13 23 6 36 3 4 1
ENSG00000286061 2 4 7 13 23 6 36 3 4 2
ENSG00000286061 1 4 7 13 23 6 36 3 4 3
ENSG00000286061 4 7 13 23 6 36 3 4 3 1
ENSG00000286061 1 2 7 13 23 6 36 3 4 3 2
ENSG00000286061 2 7 13 23 6 36 3 4 3 3
ENSG00000286061 1 7 13 23 6 36 3 11
ENSG00000286061 7 13 23 6 51
ENSG00000286061 6 13 23 6 51 1
ENSG00000286061 5 13 23 6 51 2
ENSG00000286061 4 13 23 6 51 2 1
ENSG00000286061 3 13 23 6 51 2 2
ENSG00000286061 2 13 23 6 51 2 3
ENSG00000286061 1 13 23 6 51 6
ENSG00000286061 13 23 64
ENSG00000286061 9 3 23 64 1
ENSG00000286061 1 7 3 23 64 2
ENSG00000286061 7 3 23 64 3
ENSG00000286061 1 3 2 3 23 64 4
ENSG00000286061 3 2 3 23 64 4 1
ENSG00000286061 2 2 3 23 64 6
ENSG00000286061 1 2 3 23 64 6 1
ENSG00000286061 2 3 23 64 6 2
ENSG00000286061 1 3 23 64 6 2 1
ENSG00000286061 3 23 64 6 2 2
ENSG00000286061 2 23 64 6 5
ENSG00000286061 1 23 64 6 6
ENSG00000286061 23 64 6 2 5
ENSG00000286061 22 32 20 12 6 2 6
ENSG00000286061 16 5 32 20 12 6 2 6 1
ENSG00000286061 2 13 5 32 20 12 6 2 6 2
ENSG00000286061 1 13 5 32 20 12 6 2 6 3
ENSG00000286061 13 5 32 20 12 6 2 6 3 1
ENSG00000286061 2 10 5 32 20 12 6 2 6 3 2
ENSG00000286061 1 10 5 32 20 12 6 2 6 6
ENSG00000286061 10 5 32 20 12 8 13
ENSG00000286061 2 7 5 32 20 12 8 13 1
ENSG00000286061 1 7 5 32 20 12 8 13 2
ENSG00000286061 7 5 32 20 12 8 13 3
ENSG00000286061 3 3 5 32 20 12 8 13 4
ENSG00000286061 2 3 5 32 20 20 18
ENSG00000286061 1 3 5 32 20 20 19
ENSG00000286061 3 5 32 20 20 20
ENSG00000286061 2 5 32 20 20 20 1
ENSG00000286061 1 5 32 20 20 20 2
ENSG00000286061 5 32 20 20 20 2 1
ENSG00000286061 4 32 20 20 20 2 2
ENSG00000286061 3 32 20 20 20 5
ENSG00000286061 2 32 20 20 20 5 1
ENSG00000286061 1 32 20 20 20 5 2
ENSG00000286061 32 20 20 20 8
ENSG00000286061 1 9 21 20 20 20 8 1
ENSG00000286061 9 21 20 20 20 8 2
ENSG00000286061 8 21 20 20 20 8 3
ENSG00000286061 2 3 2 21 20 20 20 8 3 1
ENSG00000286061 1 3 2 21 20 20 20 8 3 2
ENSG00000286061 3 2 21 20 20 20 8 3 2 1
ENSG00000286061 1 1 2 21 20 20 20 8 7
ENSG00000286061 1 2 21 20 20 20 8 7 1
ENSG00000286061 2 21 20 20 20 8 7 2
ENSG00000286061 1 21 20 20 20 8 7 3
ENSG00000286061 21 20 20 20 8 7 4
ENSG00000286061 3 17 20 20 20 8 7 5
ENSG00000286061 2 17 20 20 20 8 7 5 1
ENSG00000286061 1 17 20 20 20 8 7 5 2
ENSG00000286061 17 20 20 20 8 7 5 2 1
ENSG00000286061 5 11 20 20 20 8 7 5 4
ENSG00000286061 2 2 11 20 20 20 8 17
ENSG00000286061 1 2 11 20 20 20 8 17 1
ENSG00000286061 2 11 20 20 20 27
ENSG00000286061 1 11 20 20 20 27 1
ENSG00000286061 11 20 20 20 27 2
ENSG00000286061 2 8 20 20 20 27 3
ENSG00000286061 1 8 20 20 20 27 3 1
ENSG00000286061 8 20 20 20 27 3 2
ENSG00000286061 3 4 20 20 20 33
ENSG00000286061 2 4 20 20 20 33 1
ENSG00000286061 1 4 20 20 20 33 1 1
ENSG00000286061 4 20 20 20 33 1 2
ENSG00000286061 3 20 20 20 33 4
ENSG00000286061 2 20 20 20 33 5
ENSG00000286061 1 20 20 20 33 6
ENSG00000286061 20 20 20 33 6 1
ENSG00000286061 2 17 20 20 33 6 2
ENSG00000286061 1 17 20 20 33 6 2 1
ENSG00000286061 17 20 20 33 6 2 2
ENSG00000286061 6 5 5 20 20 33 11
ENSG00000286061 5 5 5 20 20 33 11 1
ENSG00000286061 1 3 5 5 20 20 33 11 2
ENSG00000286061 3 5 5 20 20 33 11 3
ENSG00000286061 2 5 5 20 20 33 11 4
ENSG00000286061 1 5 5 20 20 33 11 4 1
ENSG00000286061 5 5 20 20 33 11 4 2
ENSG00000286061 2 2 5 20 20 33 11 4 3
ENSG00000286061 1 2 5 20 20 33 11 4 4
ENSG00000286061 2 5 20 20 33 11 4 4 1
ENSG00000286061 1 5 20 20 33 11 4 4 2
ENSG00000286061 5 20 20 33 11 4 7
ENSG00000286061 1 3 20 20 33 11 4 8
ENSG00000286061 3 20 20 33 11 4 8 1
ENSG00000286061 2 20 20 33 11 4 8 2
ENSG00000286061 1 20 20 33 11 4 11
ENSG00000286061 20 20 33 11 16
ENSG00000286061 6 13 20 33 11 16 1
ENSG00000286061 5 13 20 33 11 16 2
ENSG00000286061 2 2 13 20 33 11 16 2 1
ENSG00000286061 1 2 13 20 33 11 16 4
ENSG00000286061 2 13 20 33 11 16 4 1
ENSG00000286061 1 13 20 33 11 16 6
ENSG00000286061 13 20 33 11 16 6 1
ENSG00000286061 10 2 20 33 11 16 6 1 1
ENSG00000286061 3 6 2 20 33 11 16 6 1 2
ENSG00000286061 2 6 2 20 33 11 16 6 4
ENSG00000286061 1 6 2 20 33 11 16 6 5
ENSG00000286061 6 2 20 33 11 16 6 5 1
ENSG00000286061 5 2 20 33 11 16 6 5 2
ENSG00000286061 4 2 20 33 11 16 6 5 3
ENSG00000286061 1 2 2 20 33 11 16 15
ENSG00000286061 2 2 20 33 11 16 15 1
ENSG00000286061 1 2 20 33 11 16 15 2
ENSG00000286061 2 20 33 11 16 15 2 1
ENSG00000286061 1 20 33 11 16 15 2 2
ENSG00000286061 20 33 11 16 15 2 3
ENSG00000286061 5 14 11 9 13 11 8 8 15 2 3 1
ENSG00000286061 4 14 11 9 13 11 8 8 15 7
ENSG00000286061 3 14 11 9 13 19 31
ENSG00000286061 2 14 11 9 32 32
ENSG00000286061 1 14 11 9 32 32 1
ENSG00000286061 14 11 9 32 32 2
ENSG00000286061 2 11 2 9 9 32 32 3
ENSG00000286061 1 11 2 9 9 32 36
ENSG00000286061 11 2 9 9 32 36 1
ENSG00000286061 3 7 2 9 9 32 36 2
ENSG00000286061 2 7 2 9 9 32 36 2 1
ENSG00000286061 1 7 2 9 9 32 36 2 2
ENSG00000286061 7 2 9 9 32 36 2 3
ENSG00000286061 6 2 9 9 32 36 2 3 1
ENSG00000286061 5 2 9 9 32 36 2 3 2
ENSG00000286061 4 2 9 9 32 36 2 3 3
ENSG00000286061 3 2 9 9 32 36 2 3 4
ENSG00000286061 2 2 9 9 32 36 5 5
ENSG00000286061 1 2 9 9 32 36 5 5 1
ENSG00000286061 2 9 9 32 36 5 5 2
ENSG00000286061 1 9 9 32 36 5 5 2 1
ENSG00000286061 9 9 32 36 5 5 2 2
ENSG00000286061 2 6 9 32 36 5 5 2 3
ENSG00000286061 1 6 9 32 36 5 5 2 3 1
ENSG00000286061 6 9 32 36 5 5 2 3 2
ENSG00000286061 2 3 9 32 36 5 5 2 6
ENSG00000286061 1 3 9 32 36 5 5 2 6 1
ENSG00000286061 3 9 32 36 5 5 2 6 2
ENSG00000286061 2 9 32 36 5 5 2 6 2 1
ENSG00000286061 1 9 32 36 5 5 2 6 2 2
ENSG00000286061 9 32 36 5 5 2 6 2 2 1
ENSG00000286061 1 2 5 32 36 5 5 2 6 6
ENSG00000286061 2 5 32 36 5 5 2 6 6 1
ENSG00000286061 1 5 32 36 5 5 2 6 6 2
ENSG00000286061 5 32 36 5 5 2 6 6 2 1
ENSG00000286061 4 32 36 5 5 2 6 6 2 2
ENSG00000286061 3 32 36 5 5 2 6 6 5
ENSG00000286061 2 32 36 5 5 2 6 12
ENSG00000286061 1 32 36 5 7 19
ENSG00000286061 32 36 5 7 19 1
ENSG00000286061 1 12 14 4 36 5 7 19 2
ENSG00000286061 12 14 4 36 5 7 19 3
ENSG00000286061 11 14 4 36 5 7 23
ENSG00000286061 1 2 3 4 14 4 36 5 7 24
ENSG00000286061 2 3 4 14 4 41 7 25
ENSG00000286061 1 3 4 14 4 41 7 25 1
ENSG00000286061 3 4 14 4 41 7 25 2
ENSG00000286061 2 4 14 4 41 7 25 2 1
ENSG00000286061 1 4 14 4 41 7 25 4
ENSG00000286061 4 14 4 41 7 25 5
ENSG00000286061 2 1 14 4 41 7 25 5 1
ENSG00000286061 1 1 14 4 41 7 25 5 2
ENSG00000286061 1 14 4 41 7 25 5 3
ENSG00000286061 14 4 41 7 25 5 4
ENSG00000286061 4 9 4 41 7 25 5 5
ENSG00000286061 3 9 4 41 7 25 5 6
ENSG00000286061 2 9 4 41 7 25 5 6 1
ENSG00000286061 1 9 4 41 7 25 5 6 1 1
ENSG00000286061 9 4 41 7 25 5 6 1 2
ENSG00000286061 1 3 4 4 41 7 25 5 6 4
ENSG00000286061 3 4 4 41 7 25 5 6 4 1
ENSG00000286061 2 4 4 41 7 25 5 6 4 2
ENSG00000286061 1 4 4 41 7 25 5 6 4 2 1
ENSG00000286061 4 4 41 7 25 5 6 4 2 2
ENSG00000286061 3 4 41 7 25 5 6 4 2 3
ENSG00000286061 2 4 41 7 25 5 6 10
ENSG00000286061 1 4 41 7 25 5 6 10 1
ENSG00000286061 4 41 7 25 5 6 10 1 1
ENSG00000286061 3 41 7 25 5 6 10 1 2
ENSG00000286061 2 41 7 25 5 6 10 1 2 1
ENSG00000286061 1 41 7 25 5 6 10 5
ENSG00000286061 41 7 25 5 6 16
ENSG00000286061 7 7 4 22 7 25 28
ENSG00000286061 2 4 7 4 22 7 25 28 1
ENSG00000286061 1 4 7 4 22 7 25 28 2
ENSG00000286061 4 7 4 22 7 25 28 3
ENSG00000286061 3 7 4 22 7 25 28 3 1
ENSG00000286061 2 7 4 22 7 25 28 3 2
ENSG00000286061 1 7 4 22 7 25 28 3 3
ENSG00000286061 7 4 22 7 25 28 3 4
ENSG00000286061 1 5 4 22 7 25 28 8
ENSG00000286061 5 4 22 7 25 28 8 1
ENSG00000286061 1 3 4 22 7 25 28 8 2
ENSG00000286061 3 4 22 7 25 28 8 3
ENSG00000286061 1 1 4 22 7 25 28 8 4
ENSG00000286061 1 4 22 7 25 28 8 4 1
ENSG00000286061 4 22 7 25 28 8 6
ENSG00000286061 3 22 7 25 28 8 6 1
ENSG00000286061 2 22 7 25 28 8 6 2
ENSG00000286061 1 22 7 25 28 8 6 2 1
ENSG00000286061 22 7 25 28 8 6 4
ENSG00000286061 5 13 3 7 25 28 8 6 4 1
ENSG00000286061 2 2 13 3 7 25 28 8 6 4 2
ENSG00000286061 1 2 13 3 7 25 28 8 13
ENSG00000286061 2 13 3 7 25 28 8 13 1
ENSG00000286061 1 13 3 7 25 28 23
ENSG00000286061 13 3 7 25 28 24
ENSG00000286061 2 10 3 7 25 28 24 1
ENSG00000286061 1 10 3 7 25 28 24 2
ENSG00000286061 10 3 7 25 28 24 2 1
ENSG00000286061 3 4 2 3 7 25 28 24 2 2
ENSG00000286061 2 4 2 3 7 25 28 24 2 3
ENSG00000286061 1 4 2 3 7 25 28 24 2 4
ENSG00000286061 4 2 3 7 25 28 24 7
ENSG00000286061 3 2 3 7 25 28 24 8
ENSG00000286061 2 2 3 7 25 28 24 8 1
ENSG00000286061 1 2 3 7 25 28 24 8 2
ENSG00000286061 2 3 7 25 28 24 8 2 1
ENSG00000286061 1 3 7 25 28 24 8 2 2
ENSG00000286061 3 7 25 28 24 8 2 3
ENSG00000286061 2 7 25 28 24 8 6
ENSG00000286061 1 7 25 28 24 8 6 1
ENSG00000286061 7 25 28 24 8 6 2
ENSG00000286061 6 25 28 24 8 6 3
ENSG00000286061 3 2 25 28 24 8 6 4
ENSG00000286061 2 2 25 28 24 8 6 4 1
ENSG00000286061 1 2 25 28 24 8 6 4 1 1
ENSG00000286061 2 25 28 24 8 6 4 1 2
ENSG00000286061 1 25 28 24 8 6 4 4
ENSG00000286061 25 28 24 8 6 4 4 1
ENSG00000286061 2 11 11 28 24 8 6 4 4 2
ENSG00000286061 1 11 11 28 24 8 6 4 4 3
ENSG00000286061 11 11 28 24 8 6 4 8
ENSG00000286061 4 6 11 28 24 8 19
ENSG00000286061 1 2 6 11 28 24 8 19 1
ENSG00000286061 2 6 11 28 24 8 21
ENSG00000286061 1 6 11 28 24 8 21 1
ENSG00000286061 6 11 28 24 8 21 2
ENSG00000286061 1 2 2 11 28 24 8 21 2 1
ENSG00000286061 2 2 11 28 24 8 21 2 2
ENSG00000286061 1 2 11 28 24 8 21 2 3
ENSG00000286061 2 11 28 24 8 21 2 4
ENSG00000286061 1 11 28 24 8 21 2 4 1
ENSG00000286061 11 28 24 8 21 2 4 2
ENSG00000286061 10 17 11 3 21 8 21 2 4 3
ENSG00000286061 3 6 5 7 5 11 3 21 8 21 2 4 3 1
ENSG00000286061 2 6 5 7 5 11 3 21 8 21 2 4 5
ENSG00000286061 1 6 5 7 5 11 3 21 8 21 2 4 6
ENSG00000286061 6 5 7 5 11 3 21 8 21 2 4 6 1
ENSG00000286061 5 5 7 5 11 3 21 8 21 2 4 6 2
ENSG00000286061 4 5 7 5 11 3 21 8 21 2 4 6 2 1
ENSG00000286061 3 5 7 5 11 3 21 8 21 2 4 6 2 2
ENSG00000286061 2 5 7 5 11 3 21 8 21 6 11
ENSG00000286061 1 5 7 5 11 3 21 8 21 6 11 1
ENSG00000286061 5 7 5 11 3 21 8 21 6 11 1 1
ENSG00000286061 1 3 7 5 11 3 21 8 21 6 11 1 2
ENSG00000286061 3 7 5 11 3 21 8 21 6 11 4
ENSG00000286061 2 7 5 11 3 21 8 21 6 11 4 1
ENSG00000286061 1 7 5 11 3 21 8 21 6 17
ENSG00000286061 7 5 11 3 21 8 21 6 17 1
ENSG00000286061 6 5 11 3 21 8 21 6 17 1 1
ENSG00000286061 5 5 11 3 21 8 21 6 17 1 2
ENSG00000286061 4 5 11 3 21 8 21 6 17 4
ENSG00000286061 2 1 5 11 3 21 8 21 6 17 5
ENSG00000286061 1 1 5 11 3 21 8 27 23
ENSG00000286061 1 5 11 3 21 8 27 23 1
ENSG00000286061 5 11 3 21 8 27 23 2
ENSG00000286061 2 2 11 3 21 8 27 23 3
ENSG00000286061 1 2 11 3 21 8 27 23 4
ENSG00000286061 2 11 3 21 8 27 23 4 1
ENSG00000286061 1 11 3 21 8 27 23 4 2
ENSG00000286061 11 3 21 8 27 23 7
ENSG00000286061 4 6 3 21 35 31
ENSG00000286061 3 9 56 32
ENSG00000286061 1 1 9 56 32 1
ENSG00000286061 1 9 56 32 2
ENSG00000286061 9 56 32 2 1
ENSG00000286061 1 4 3 56 32 4
ENSG00000286061 4 3 56 32 5
ENSG00000286061 3 3 56 32 5 1
ENSG00000286061 2 3 56 32 5 2
ENSG00000286061 1 3 56 32 5 2 1
ENSG00000286061 3 56 32 5 4
ENSG00000286061 2 56 32 5 4 1
ENSG00000286061 1 56 32 5 4 2
ENSG00000286061 56 32 5 4 3
ENSG00000286061 4 38 13 32 5 4 4
ENSG00000286061 3 38 13 32 5 4 5
ENSG00000286061 2 38 13 32 5 10
ENSG00000286061 1 38 13 32 16
ENSG00000286061 38 13 32 16 1
ENSG00000286061 7 18 4 8 13 32 16 2
ENSG00000286061 6 18 4 8 13 32 16 3
ENSG00000286061 1 2 2 18 4 8 13 32 16 3 1
ENSG00000286061 2 8 14 9 7 13 23 6 2 3 8 5
ENSG00000286061 1 8 14 9 7 13 23 6 2 3 8 5 1
ENSG00000286061 8 14 9 7 13 23 6 2 3 8 5 2
ENSG00000286061 7 14 9 7 13 23 6 2 3 8 5 3
ENSG00000286061 2 4 14 9 7 13 23 6 22
ENSG00000286061 1 4 14 9 7 13 23 6 22 1
ENSG00000286061 4 14 9 7 13 23 6 22 2
ENSG00000286061 2 1 14 9 7 13 23 6 22 3
ENSG00000286061 1 1 14 9 7 13 23 6 26
ENSG00000286061 1 14 9 7 13 23 6 26 1
ENSG00000286061 14 9 7 13 23 6 26 2
ENSG00000286061 4 9 9 7 13 23 6 26 3
ENSG00000286061 3 9 9 7 13 23 6 26 3 1
ENSG00000286061 2 9 9 7 13 23 6 26 3 2
ENSG00000286061 1 9 9 7 13 23 6 26 3 3
ENSG00000286061 9 9 7 13 23 6 26 7
ENSG00000286061 8 9 7 13 23 6 26 7 1
ENSG00000286061 2 5 9 7 13 23 6 26 7 2
ENSG00000286061 1 5 9 7 13 23 6 36
ENSG00000286061 5 9 7 13 23 6 36 1
ENSG00000286061 4 9 7 13 23 6 36 2
ENSG00000286061 3 9 7 13 23 6 36 3
ENSG00000286061 2 9 7 13 23 6 36 3 1
ENSG00000286061 1 9 7 13 23 6 36 3 2
ENSG00000286061 9 7 13 23 6 36 3 2 1
ENSG00000286061 1 3 4 7 13 23 6 36 3 4
ENSG00000286061 3 4 7 13 23 6 36 3 4 1
ENSG00000286061 2 4 7 13 23 6 36 3 4 2
ENSG00000286061 1 4 7 13 23 6 36 3 4 3
ENSG00000286061 4 7 13 23 6 36 3 4 3 1
ENSG00000286061 1 2 7 13 23 6 36 3 4 3 2
ENSG00000286061 2 7 13 23 6 36 3 4 3 3
ENSG00000286061 1 7 13 23 6 36 3 11
ENSG00000286061 7 13 23 6 51
ENSG00000286061 6 13 23 6 51 1
ENSG00000286061 5 13 23 6 51 2
ENSG00000286061 4 13 23 6 51 2 1
ENSG00000286061 3 13 23 6 51 2 2
ENSG00000286061 2 13 23 6 51 2 3
ENSG00000286061 1 13 23 6 51 6
ENSG00000286061 13 23 64
ENSG00000286061 9 3 23 64 1
ENSG00000286061 1 7 3 23 64 2
ENSG00000286061 7 3 23 64 3
ENSG00000286061 1 3 2 3 23 64 4
ENSG00000286061 3 2 3 23 64 4 1
ENSG00000286061 2 2 3 23 64 6
ENSG00000286061 1 2 3 23 64 6 1
ENSG00000286061 2 3 23 64 6 2
ENSG00000286061 1 3 23 64 6 2 1
ENSG00000286061 3 23 64 6 2 2
ENSG00000286061 2 23 64 6 5
ENSG00000286061 1 23 64 6 6
ENSG00000286061 23 64 6 2 5
ENSG00000286061 22 32 20 12 6 2 6
ENSG00000286061 16 5 32 20 12 6 2 6 1
ENSG00000286061 2 13 5 32 20 12 6 2 6 2
ENSG00000286061 1 13 5 32 20 12 6 2 6 3
ENSG00000286061 13 5 32 20 12 6 2 6 3 1
ENSG00000286061 2 10 5 32 20 12 6 2 6 3 2
ENSG00000286061 1 10 5 32 20 12 6 2 6 6
ENSG00000286061 10 5 32 20 12 8 13
ENSG00000286061 2 7 5 32 20 12 8 13 1
ENSG00000286061 1 7 5 32 20 12 8 13 2
ENSG00000286061 7 5 32 20 12 8 13 3
ENSG00000286061 3 3 5 32 20 12 8 13 4
ENSG00000286061 2 3 5 32 20 20 18
ENSG00000286061 1 3 5 32 20 20 19
ENSG00000286061 3 5 32 20 20 20
ENSG00000286061 2 5 32 20 20 20 1
ENSG00000286061 1 5 32 20 20 20 2
ENSG00000286061 5 32 20 20 20 2 1
ENSG00000286061 4 32 20 20 20 2 2
ENSG00000286061 3 32 20 20 20 5
ENSG00000286061 2 32 20 20 20 5 1
ENSG00000286061 1 32 20 20 20 5 2
ENSG00000286061 32 20 20 20 8
ENSG00000286061 1 9 21 20 20 20 8 1
ENSG00000286061 9 21 20 20 20 8 2
ENSG00000286061 8 21 20 20 20 8 3
ENSG00000286061 2 3 2 21 20 20 20 8 3 1
ENSG00000286061 1 3 2 21 20 20 20 8 3 2
ENSG00000286061 3 2 21 20 20 20 8 3 2 1
ENSG00000286061 1 1 2 21 20 20 20 8 7
ENSG00000286061 1 2 21 20 20 20 8 7 1
ENSG00000286061 2 21 20 20 20 8 7 2
ENSG00000286061 1 21 20 20 20 8 7 3
ENSG00000286061 21 20 20 20 8 7 4
ENSG00000286061 3 17 20 20 20 8 7 5
ENSG00000286061 2 17 20 20 20 8 7 5 1
ENSG00000286061 1 17 20 20 20 8 7 5 2
ENSG00000286061 17 20 20 20 8 7 5 2 1
ENSG00000286061 5 11 20 20 20 8 7 5 4
ENSG00000286061 2 2 11 20 20 20 8 17
ENSG00000286061 1 2 11 20 20 20 8 17 1
ENSG00000286061 2 11 20 20 20 27
ENSG00000286061 1 11 20 20 20 27 1
ENSG00000286061 11 20 20 20 27 2
ENSG00000286061 2 8 20 20 20 27 3
ENSG00000286061 1 8 20 20 20 27 3 1
ENSG00000286061 8 20 20 20 27 3 2
ENSG00000286061 3 4 20 20 20 33
ENSG00000286061 2 4 20 20 20 33 1
ENSG00000286061 1 4 20 20 20 33 1 1
ENSG00000286061 4 20 20 20 33 1 2
ENSG00000286061 3 20 20 20 33 4
ENSG00000286061 2 20 20 20 33 5
ENSG00000286061 1 20 20 20 33 6
ENSG00000286061 20 20 20 33 6 1
ENSG00000286061 2 17 20 20 33 6 2
ENSG00000286061 1 17 20 20 33 6 2 1
ENSG00000286061 17 20 20 33 6 2 2
ENSG00000286061 6 5 5 20 20 33 11
ENSG00000286061 5 5 5 20 20 33 11 1
ENSG00000286061 1 3 5 5 20 20 33 11 2
ENSG00000286061 3 5 5 20 20 33 11 3
ENSG00000286061 2 5 5 20 20 33 11 4
ENSG00000286061 1 5 5 20 20 33 11 4 1
ENSG00000286061 5 5 20 20 33 11 4 2
ENSG00000286061 2 2 5 20 20 33 11 4 3
ENSG00000286061 1 2 5 20 20 33 11 4 4
ENSG00000286061 2 5 20 20 33 11 4 4 1
ENSG00000286061 1 5 20 20 33 11 4 4 2
ENSG00000286061 5 20 20 33 11 4 7
ENSG00000286061 1 3 20 20 33 11 4 8
ENSG00000286061 3 20 20 33 11 4 8 1
ENSG00000286061 2 20 20 33 11 4 8 2
ENSG00000286061 1 20 20 33 11 4 11
ENSG00000286061 20 20 33 11 16
ENSG00000286061 6 13 20 33 11 16 1
ENSG00000286061 5 13 20 33 11 16 2
ENSG00000286061 2 2 13 20 33 11 16 2 1
ENSG00000286061 1 2 13 20 33 11 16 4
ENSG00000286061 2 13 20 33 11 16 4 1
ENSG00000286061 1 13 20 33 11 16 6
ENSG00000286061 13 20 33 11 16 6 1
ENSG00000286061 10 2 20 33 11 16 6 1 1
ENSG00000286061 3 6 2 20 33 11 16 6 1 2
ENSG00000286061 2 6 2 20 33 11 16 6 4
ENSG00000286061 1 6 2 20 33 11 16 6 5
ENSG00000286061 6 2 20 33 11 16 6 5 1
ENSG00000286061 5 2 20 33 11 16 6 5 2
ENSG00000286061 4 2 20 33 11 16 6 5 3
ENSG00000286061 1 2 2 20 33 11 16 15
ENSG00000286061 2 2 20 33 11 16 15 1
ENSG00000286061 1 2 20 33 11 16 15 2
ENSG00000286061 2 20 33 11 16 15 3
ENSG00000286061 1 20 33 11 16 15 3 1
ENSG00000286061 20 33 11 16 15 3 2
ENSG00000286061 5 14 11 9 13 11 8 8 15 6
ENSG00000286061 4 14 11 9 13 11 8 8 15 7
ENSG00000286061 3 14 11 9 13 11 8 8 15 7 1
ENSG00000286061 2 14 11 9 13 11 8 8 15 7 2
ENSG00000286061 1 14 11 9 13 11 8 8 25
ENSG00000286061 14 11 9 13 11 8 8 25 1
ENSG00000286061 2 11 2 9 9 13 11 8 8 25 1 1
ENSG00000286061 1 11 2 9 9 13 11 8 8 25 1 2
ENSG00000286061 11 2 9 9 13 11 8 8 25 1 3
ENSG00000286061 3 7 2 9 9 13 11 8 8 25 1 4
ENSG00000286061 2 7 2 9 9 13 19 34 5
ENSG00000286061 1 7 2 9 9 13 19 34 5 1
ENSG00000286061 7 2 9 9 13 19 34 5 2
ENSG00000286061 6 2 9 9 13 19 34 5 3
ENSG00000286061 5 2 9 9 13 19 34 5 4
ENSG00000286061 4 2 9 9 13 19 34 5 4 1
ENSG00000286061 3 2 9 9 13 19 34 5 4 2
ENSG00000286061 2 2 9 9 13 19 34 5 7
ENSG00000286061 1 2 9 9 32 34 13
ENSG00000286061 2 9 9 32 34 14
ENSG00000286061 1 9 9 32 34 14 1
ENSG00000286061 9 9 32 34 14 2
ENSG00000286061 2 6 9 32 34 14 2 1
ENSG00000286061 1 6 9 32 34 14 4
ENSG00000286061 6 9 32 34 14 5
ENSG00000286061 2 3 9 32 34 14 5 1
ENSG00000286061 1 3 9 32 34 14 5 2
ENSG00000286061 3 9 32 34 14 5 2 1
ENSG00000286061 2 9 32 34 14 5 4
ENSG00000286061 1 9 32 34 14 5 4 1
ENSG00000286061 9 32 34 14 5 4 2
ENSG00000286061 1 2 5 32 34 14 5 4 3
ENSG00000286061 2 5 32 34 14 5 4 4
ENSG00000286061 1 5 32 34 14 5 4 5
ENSG00000286061 5 32 34 14 5 4 6
ENSG00000286061 4 32 34 14 9 7
ENSG00000286061 3 32 34 14 9 7 1
ENSG00000286061 2 32 34 14 9 7 2
ENSG00000286061 1 32 34 14 9 7 3
ENSG00000286061 32 34 14 9 7 3 1
ENSG00000286061 1 12 14 4 34 14 9 7 5
ENSG00000286061 12 14 4 34 14 9 7 5 1
ENSG00000286061 11 14 4 34 14 9 7 5 2
ENSG00000286061 1 2 3 4 14 4 34 14 9 7 5 3
ENSG00000286061 2 3 4 14 4 34 14 9 7 5 3 1
ENSG00000286061 1 3 4 14 4 34 14 9 7 5 5
ENSG00000286061 3 4 14 4 34 14 9 7 5 5 1
ENSG00000286061 2 4 14 4 34 14 9 7 5 5 2
ENSG00000286061 1 4 14 4 34 14 9 7 5 5 3
ENSG00000286061 4 14 4 34 14 9 7 5 5 3 1
ENSG00000286061 2 1 14 4 34 14 9 7 5 5 3 2
ENSG00000286061 1 1 14 4 34 14 9 7 5 5 3 3
ENSG00000286061 1 14 4 34 14 9 7 5 5 3 4
ENSG00000286061 14 4 34 14 9 7 5 5 8
ENSG00000286061 4 9 4 34 14 9 7 5 5 3 5 1
ENSG00000286061 3 9 4 34 14 9 7 5 5 3 5 2
ENSG00000286061 2 9 4 34 14 9 7 5 5 3 8
ENSG00000286061 1 9 4 34 14 9 7 5 5 3 8 1
ENSG00000286061 9 4 34 14 9 7 5 5 3 8 2
ENSG00000286061 1 3 4 4 34 14 9 7 5 5 3 11
ENSG00000286061 3 4 4 34 14 9 7 5 5 3 11 1
ENSG00000286061 2 4 4 34 14 9 7 5 5 3 11 2
ENSG00000286061 1 4 4 34 14 9 7 5 5 3 14
ENSG00000286061 4 4 34 14 9 7 13 15
ENSG00000286061 3 4 34 14 9 7 13 15 1
ENSG00000286061 2 4 34 14 9 7 13 15 2
ENSG00000286061 1 4 34 14 9 7 13 15 3
ENSG00000286061 4 34 14 9 7 13 15 3 1
ENSG00000286061 3 34 14 9 7 13 15 3 2
ENSG00000286061 2 34 14 9 7 13 15 3 3
ENSG00000286061 1 34 14 9 7 13 15 7
ENSG00000286061 34 14 9 7 13 23
ENSG00000286061 7 7 4 15 14 9 7 13 23 1
ENSG00000286061 2 4 7 4 15 14 9 7 13 23 2
ENSG00000286061 1 4 7 4 15 14 9 7 13 23 2 1
ENSG00000286061 4 7 4 15 14 9 7 13 23 4
ENSG00000286061 3 7 4 15 14 9 7 13 23 5
ENSG00000286061 2 7 4 15 14 9 7 13 23 6
ENSG00000286061 1 7 4 15 14 9 7 13 23 6 1
ENSG00000286061 7 4 15 14 9 7 13 23 6 2
ENSG00000286061 1 5 4 15 14 9 7 13 23 6 2 1
ENSG00000286061 5 4 15 14 9 7 13 23 6 2 1 1
ENSG00000286061 1 3 4 15 14 9 7 13 23 6 2 3
ENSG00000286061 3 4 15 14 9 7 13 23 6 2 3 1
ENSG00000286061 1 1 4 15 14 9 7 13 23 6 2 3 2
ENSG00000286061 1 4 15 14 9 7 13 23 6 2 3 3
ENSG00000286061 4 15 14 9 7 13 23 6 2 3 4
ENSG00000286061 3 15 14 9 7 13 23 6 2 3 4 1
ENSG00000286061 2 15 14 9 7 13 23 6 2 3 4 2
ENSG00000286061 1 15 14 9 7 13 23 6 2 3 4 3
ENSG00000286061 15 14 9 7 13 23 6 2 3 8
ENSG00000286061 3 11 14 9 7 13 23 6 2 3 8 1
ENSG00000286061 2 11 14 9 7 13 23 6 2 3 8 2
ENSG00000286061 1 11 14 9 7 13 23 6 2 3 8 2 1
ENSG00000286061 11 14 9 7 13 23 6 2 3 8 2 2