G000006PNVNRLT_0 1 2 2 10 43 42
G000006PNVNRLT_0 2 2 10 43 43
G000006PNVNRLT_0 1 2 10 43 43 1
G000006PNVNRLT_0 2 10 43 43 1 1
G000006PNVNRLT_0 1 10 43 43 1 1 1
G000006PNVNRLT_0 10 43 43 4
G000006PNVNRLT_0 1 1 7 43 43 5
G000006PNVNRLT_0 1 7 43 43 6
G000006PNVNRLT_0 7 43 43 7
G000006PNVNRLT_0 1 3 1 1 43 43 8
G000006PNVNRLT_0 3 1 1 43 43 9
G000006PNVNRLT_0 1 1 1 1 43 43 10
G000006PNVNRLT_0 1 1 1 43 43 11
G000006PNVNRLT_0 1 1 43 43 12
G000006PNVNRLT_0 1 43 43 13
G000006PNVNRLT_0 43 43 14
G000006PNVNRLT_0 7 35 43 14 1
G000006PNVNRLT_0 6 35 43 14 1 1
G000006PNVNRLT_0 1 4 35 43 17
G000006PNVNRLT_0 4 35 43 18
G000006PNVNRLT_0 1 1 1 35 43 18 1
G000006PNVNRLT_0 1 1 35 43 20
G000006PNVNRLT_0 1 35 43 21
G000006PNVNRLT_0 35 43 22
G000006PNVNRLT_0 5 1 28 43 23
G000006PNVNRLT_0 4 1 28 43 23 1
G000006PNVNRLT_0 3 1 28 43 25
G000006PNVNRLT_0 2 1 28 43 26
G000006PNVNRLT_0 1 1 28 43 27
G000006PNVNRLT_0 1 28 43 28
G000006PNVNRLT_0 28 43 28 1
G000006PNVNRLT_0 2 25 43 30
G000006PNVNRLT_0 1 25 43 31
G000006PNVNRLT_0 25 43 32
G000006PNVNRLT_0 2 8 14 43 33
G000006PNVNRLT_0 1 8 14 43 34
G000006PNVNRLT_0 8 14 43 35
G000006PNVNRLT_0 7 14 43 35 1
G000006PNVNRLT_0 2 4 14 43 37
G000006PNVNRLT_0 1 4 14 43 37 1
G000006PNVNRLT_0 4 14 43 39
G000006PNVNRLT_0 3 14 43 40
G000006PNVNRLT_0 1 1 14 43 41
G000006PNVNRLT_0 1 14 43 42
G000006PNVNRLT_0 14 43 43
G000006PNVNRLT_0 3 10 43 44
G000006PNVNRLT_0 1 1 10 43 45
G000006PNVNRLT_0 1 10 43 46
G000006PNVNRLT_0 10 43 47
G000006PNVNRLT_0 1 8 43 48
G000006PNVNRLT_0 8 43 49
G000006PNVNRLT_0 1 6 43 50
G000006PNVNRLT_0 6 43 51
G000006PNVNRLT_0 1 4 43 51 1
G000006PNVNRLT_0 4 43 53
G000006PNVNRLT_0 1 1 1 43 54
G000006PNVNRLT_0 1 1 43 54 1
G000006PNVNRLT_0 1 43 56
G000006PNVNRLT_0 43 57
G000006PNVNRLT_0 16 26 58
G000006PNVNRLT_0 15 26 59
G000006PNVNRLT_0 3 11 26 60
G000006PNVNRLT_0 2 11 26 61
G000006PNVNRLT_0 1 11 26 62
G000006PNVNRLT_0 11 26 62 1
G000006PNVNRLT_0 10 26 64
G000006PNVNRLT_0 3 6 26 65
G000006PNVNRLT_0 1 1 6 26 66
G000006PNVNRLT_0 1 6 26 67
G000006PNVNRLT_0 6 26 68
G000006PNVNRLT_0 3 1 1 26 69
G000006PNVNRLT_0 1 1 1 1 26 70
G000006PNVNRLT_0 1 1 1 26 71
G000006PNVNRLT_0 1 1 26 72
G000006PNVNRLT_0 1 26 73
G000006PNVNRLT_0 26 74
G000006PNVNRLT_0 5 20 75
G000006PNVNRLT_0 1 3 20 76
G000006PNVNRLT_0 3 20 76 1
G000006PNVNRLT_0 1 1 20 78
G000006PNVNRLT_0 1 20 79
G000006PNVNRLT_0 20 80
G000006PNVNRLT_0 2 3 3 2 9 80 1
G000006PNVNRLT_0 1 3 3 2 9 82
G000006PNVNRLT_0 3 3 2 9 83
G000006PNVNRLT_0 1 1 3 2 9 83 1
G000006PNVNRLT_0 1 3 2 9 85
G000006PNVNRLT_0 3 2 9 86
G000006PNVNRLT_0 1 1 2 9 87
G000006PNVNRLT_0 1 2 9 88
G000006PNVNRLT_0 2 9 89
G000006PNVNRLT_0 1 9 89 1
G000006PNVNRLT_0 9 91
G000006PNVNRLT_0 2 6 92
G000006PNVNRLT_0 1 6 93
G000006PNVNRLT_0 6 94
G000006PNVNRLT_0 1 1 1 2 95
G000006PNVNRLT_0 1 1 2 96
G000006PNVNRLT_0 1 2 97
G000006PNVNRLT_0 2 98
G000006PNVNRLT_0 1 99
G000006PNVNRLT_0 100
G000006PNVNRLT_0 100
G000006PNVNRLT_0 12 88
G000006PNVNRLT_0 10 1 89
G000006PNVNRLT_0 2 7 1 89 1
G000006PNVNRLT_0 1 7 1 91
G000006PNVNRLT_0 7 1 92
G000006PNVNRLT_0 1 5 1 93
G000006PNVNRLT_0 5 1 94
G000006PNVNRLT_0 1 3 1 95
G000006PNVNRLT_0 3 1 96
G000006PNVNRLT_0 1 1 1 97
G000006PNVNRLT_0 1 1 98
G000006PNVNRLT_0 1 99
G000006PNVNRLT_0 100
G000006PNVNRLT_0 3 17 79 1
G000006PNVNRLT_0 1 1 17 79 1 1
G000006PNVNRLT_0 1 17 79 1 1 1
G000006PNVNRLT_0 17 79 4
G000006PNVNRLT_0 4 12 79 5
G000006PNVNRLT_0 3 12 79 6
G000006PNVNRLT_0 1 1 12 79 7
G000006PNVNRLT_0 1 12 79 8
G000006PNVNRLT_0 12 79 9
G000006PNVNRLT_0 2 1 1 7 79 10
G000006PNVNRLT_0 1 1 1 7 79 11
G000006PNVNRLT_0 1 1 7 79 12
G000006PNVNRLT_0 1 7 79 12 1
G000006PNVNRLT_0 7 79 14
G000006PNVNRLT_0 1 1 4 79 14 1
G000006PNVNRLT_0 1 4 79 16
G000006PNVNRLT_0 4 79 17
G000006PNVNRLT_0 3 79 18
G000006PNVNRLT_0 2 79 19
G000006PNVNRLT_0 1 79 20
G000006PNVNRLT_0 79 21
G000006PNVNRLT_0 1 43 34 21 1
G000006PNVNRLT_0 43 34 23
G000006PNVNRLT_0 12 1 3 8 18 34 24
G000006PNVNRLT_0 6 5 1 3 8 18 34 24 1
G000006PNVNRLT_0 1 2 2 5 1 3 8 18 34 26
G000006PNVNRLT_0 2 2 5 1 3 8 18 34 27
G000006PNVNRLT_0 1 2 5 1 3 8 18 34 27 1
G000006PNVNRLT_0 2 5 1 3 8 18 34 29
G000006PNVNRLT_0 1 5 1 3 8 18 34 29 1
G000006PNVNRLT_0 5 1 3 8 18 34 31
G000006PNVNRLT_0 1 3 1 3 8 18 34 32
G000006PNVNRLT_0 3 1 3 8 18 34 32 1
G000006PNVNRLT_0 1 1 1 3 8 18 34 34
G000006PNVNRLT_0 1 1 3 8 18 34 35
G000006PNVNRLT_0 1 3 8 18 34 36
G000006PNVNRLT_0 3 8 18 34 37
G000006PNVNRLT_0 1 1 8 18 34 38
G000006PNVNRLT_0 1 8 18 34 38 1
G000006PNVNRLT_0 8 18 34 40
G000006PNVNRLT_0 3 4 18 34 41
G000006PNVNRLT_0 2 4 18 34 42
G000006PNVNRLT_0 1 4 18 34 43
G000006PNVNRLT_0 4 18 34 44
G000006PNVNRLT_0 3 18 34 45
G000006PNVNRLT_0 1 1 18 34 46
G000006PNVNRLT_0 1 18 34 46 1
G000006PNVNRLT_0 18 34 48
G000006PNVNRLT_0 2 11 4 34 49
G000006PNVNRLT_0 1 11 4 34 50
G000006PNVNRLT_0 11 4 34 50 1
G000006PNVNRLT_0 10 4 34 52
G000006PNVNRLT_0 1 8 4 34 52 1
G000006PNVNRLT_0 8 4 34 52 1 1
G000006PNVNRLT_0 1 4 2 4 34 55
G000006PNVNRLT_0 4 2 4 34 56
G000006PNVNRLT_0 1 2 2 4 34 56 1
G000006PNVNRLT_0 2 2 4 34 56 1 1
G000006PNVNRLT_0 1 2 4 34 59
G000006PNVNRLT_0 2 4 34 60
G000006PNVNRLT_0 1 4 34 60 1
G000006PNVNRLT_0 4 34 62
G000006PNVNRLT_0 1 1 1 34 63
G000006PNVNRLT_0 1 1 34 64
G000006PNVNRLT_0 1 34 65
G000006PNVNRLT_0 34 66
G000006PNVNRLT_0 1 1 6 14 11 67
G000006PNVNRLT_0 1 6 14 11 68
G000006PNVNRLT_0 6 14 11 69
G000006PNVNRLT_0 1 1 3 14 11 70
G000006PNVNRLT_0 1 3 14 11 71
G000006PNVNRLT_0 3 14 11 72
G000006PNVNRLT_0 2 14 11 73
G000006PNVNRLT_0 1 14 11 74
G000006PNVNRLT_0 14 11 75
G000006PNVNRLT_0 1 4 7 1 11 76
G000006PNVNRLT_0 4 7 1 11 77
G000006PNVNRLT_0 3 7 1 11 78
G000006PNVNRLT_0 2 7 1 11 78 1
G000006PNVNRLT_0 1 7 1 11 80
G000006PNVNRLT_0 7 1 11 81
G000006PNVNRLT_0 6 1 11 82
G000006PNVNRLT_0 5 1 11 83
G000006PNVNRLT_0 4 1 11 83 1
G000006PNVNRLT_0 3 1 11 83 1 1
G000006PNVNRLT_0 2 1 11 86
G000006PNVNRLT_0 1 1 11 87
G000006PNVNRLT_0 1 11 87 1
G000006PNVNRLT_0 11 89
G000006PNVNRLT_0 10 90
G000006PNVNRLT_0 9 91
G000006PNVNRLT_0 4 4 91 1
G000006PNVNRLT_0 3 4 93
G000006PNVNRLT_0 1 1 4 94
G000006PNVNRLT_0 1 4 95
G000006PNVNRLT_0 4 96
G000006PNVNRLT_0 3 97
G000006PNVNRLT_0 1 1 98
G000006PNVNRLT_0 1 99
G000006PNVNRLT_0 100
G000006PNVNRLT_0 51 49
G000006PNVNRLT_0 10 17 23 50
G000006PNVNRLT_0 1 8 17 23 51
G000006PNVNRLT_0 8 17 23 51 1
G000006PNVNRLT_0 7 17 23 53
G000006PNVNRLT_0 6 17 23 54
G000006PNVNRLT_0 2 3 17 23 55
G000006PNVNRLT_0 1 3 17 23 55 1
G000006PNVNRLT_0 3 17 23 57
G000006PNVNRLT_0 2 17 23 58
G000006PNVNRLT_0 1 17 23 59
G000006PNVNRLT_0 17 23 60
G000006PNVNRLT_0 1 7 3 5 23 61
G000006PNVNRLT_0 7 3 5 23 62
G000006PNVNRLT_0 1 4 1 3 5 23 63
G000006PNVNRLT_0 4 1 3 5 23 63 1
G000006PNVNRLT_0 1 1 1 1 3 5 23 65
G000006PNVNRLT_0 1 1 1 3 5 23 66
G000006PNVNRLT_0 1 1 3 5 23 67
G000006PNVNRLT_0 1 3 5 23 68
G000006PNVNRLT_0 3 5 23 69
G000006PNVNRLT_0 1 1 5 23 70
G000006PNVNRLT_0 1 5 23 71
G000006PNVNRLT_0 5 23 72
G000006PNVNRLT_0 1 1 2 23 73
G000006PNVNRLT_0 1 2 23 74
G000006PNVNRLT_0 2 23 74 1
G000006PNVNRLT_0 1 23 74 1 1
G000006PNVNRLT_0 23 74 3
G000006PNVNRLT_0 1 1 6 14 74 4
G000006PNVNRLT_0 1 6 14 74 5
G000006PNVNRLT_0 6 14 74 6
G000006PNVNRLT_0 1 1 1 2 14 74 7
G000006PNVNRLT_0 1 1 2 14 74 8
G000006PNVNRLT_0 1 2 14 74 9
G000006PNVNRLT_0 2 14 74 10
G000006PNVNRLT_0 1 14 74 11
G000006PNVNRLT_0 14 74 11 1
G000006PNVNRLT_0 5 1 1 4 2 74 13
G000006PNVNRLT_0 4 1 1 4 2 74 14
G000006PNVNRLT_0 3 1 1 4 2 74 15
G000006PNVNRLT_0 2 1 1 4 2 74 16
G000006PNVNRLT_0 1 1 1 4 2 74 17
G000006PNVNRLT_0 1 1 4 2 74 17 1
G000006PNVNRLT_0 1 4 2 74 19
G000006PNVNRLT_0 4 2 74 20
G000006PNVNRLT_0 1 1 1 2 74 21
G000006PNVNRLT_0 1 1 2 74 22
G000006PNVNRLT_0 1 2 74 23
G000006PNVNRLT_0 2 74 24
G000006PNVNRLT_0 1 74 25
G000006PNVNRLT_0 74 26
G000006PNVNRLT_0 3 27 43 27
G000006PNVNRLT_0 2 27 43 27 1
G000006PNVNRLT_0 1 27 43 29
G000006PNVNRLT_0 27 43 30
G000006PNVNRLT_0 3 18 5 43 31
G000006PNVNRLT_0 1 1 18 5 43 32
G000006PNVNRLT_0 1 18 5 43 33
G000006PNVNRLT_0 18 5 43 34
G000006PNVNRLT_0 2 2 6 6 1 5 43 34 1
G000006PNVNRLT_0 1 2 6 6 1 5 43 34 1 1
G000006PNVNRLT_0 2 6 6 1 5 43 34 3
G000006PNVNRLT_0 1 6 6 1 5 43 34 3 1
G000006PNVNRLT_0 6 6 1 5 43 34 5
G000006PNVNRLT_0 4 1 6 1 5 43 34 6
G000006PNVNRLT_0 3 1 6 1 5 43 34 7
G000006PNVNRLT_0 2 1 6 1 5 43 34 8
G000006PNVNRLT_0 1 1 6 1 5 43 34 9
G000006PNVNRLT_0 1 6 1 5 43 34 9 1
G000006PNVNRLT_0 6 1 5 43 34 9 1 1
G000006PNVNRLT_0 1 4 1 5 43 34 12
G000006PNVNRLT_0 4 1 5 43 34 13
G000006PNVNRLT_0 1 1 1 1 5 43 34 14
G000006PNVNRLT_0 1 1 1 5 43 34 15
G000006PNVNRLT_0 1 1 5 43 34 15 1
G000006PNVNRLT_0 1 5 43 34 17
G000006PNVNRLT_0 5 43 34 18
G000006PNVNRLT_0 1 1 1 1 43 34 18 1
G000006PNVNRLT_0 1 1 1 43 34 20
G000006PNVNRLT_0 1 1 43 34 21
G000006PNVNRLT_0 1 43 34 22
G000006PNVNRLT_0 43 34 23
G000006PNVNRLT_0 19 12 11 34 24
G000006PNVNRLT_0 1 1 16 12 11 34 24 1
G000006PNVNRLT_0 1 16 12 11 34 26
G000006PNVNRLT_0 16 12 11 34 27
G000006PNVNRLT_0 2 1 12 12 11 34 28
G000006PNVNRLT_0 1 1 12 12 11 34 28 1
G000006PNVNRLT_0 1 12 12 11 34 30
G000006PNVNRLT_0 12 12 11 34 31
G000006PNVNRLT_0 1 9 1 12 11 34 32
G000006PNVNRLT_0 9 1 12 11 34 33
G000006PNVNRLT_0 8 1 12 11 34 34
G000006PNVNRLT_0 5 2 1 12 11 34 35
G000006PNVNRLT_0 1 3 2 1 12 11 34 36
G000006PNVNRLT_0 3 2 1 12 11 34 36 1
G000006PNVNRLT_0 1 1 2 1 12 11 34 36 1 1
G000006PNVNRLT_0 1 2 1 12 11 34 36 1 1 1
G000006PNVNRLT_0 2 1 12 11 34 36 1 1 1 1
G000006PNVNRLT_0 1 1 12 11 34 36 5
G000006PNVNRLT_0 1 12 11 34 36 6
G000006PNVNRLT_0 12 11 34 36 7
G000006PNVNRLT_0 1 2 8 11 34 36 7 1
G000006PNVNRLT_0 2 8 11 34 36 9
G000006PNVNRLT_0 1 8 11 34 36 9 1
G000006PNVNRLT_0 8 11 34 36 9 1 1
G000006PNVNRLT_0 2 2 3 11 34 36 12
G000006PNVNRLT_0 1 2 3 11 34 36 13
G000006PNVNRLT_0 2 3 11 34 36 14
G000006PNVNRLT_0 1 3 11 34 36 15
G000006PNVNRLT_0 3 11 34 36 16
G000006PNVNRLT_0 2 11 34 36 16 1
G000006PNVNRLT_0 1 11 34 36 18
G000006PNVNRLT_0 11 34 36 19
G000006PNVNRLT_0 9 1 34 36 20
G000006PNVNRLT_0 1 3 4 1 34 36 21
G000006PNVNRLT_0 3 4 1 34 36 22
G000006PNVNRLT_0 1 1 4 1 34 36 23
G000006PNVNRLT_0 1 4 1 34 36 24
G000006PNVNRLT_0 4 1 34 36 25
G000006PNVNRLT_0 3 1 34 36 26
G000006PNVNRLT_0 2 1 34 36 27
G000006PNVNRLT_0 1 1 34 36 28
G000006PNVNRLT_0 1 34 36 29
G000006PNVNRLT_0 34 36 30
G000006PNVNRLT_0 33 36 31
G000006PNVNRLT_0 2 7 6 10 7 36 32
G000006PNVNRLT_0 1 7 6 10 7 36 33
G000006PNVNRLT_0 7 6 10 7 36 34
G000006PNVNRLT_0 6 6 10 7 36 35
G000006PNVNRLT_0 1 4 6 10 7 36 36
G000006PNVNRLT_0 4 6 10 7 36 37
G000006PNVNRLT_0 1 1 1 6 10 7 36 38
G000006PNVNRLT_0 1 1 6 10 7 36 39
G000006PNVNRLT_0 1 6 10 7 36 40
G000006PNVNRLT_0 6 10 7 36 41
G000006PNVNRLT_0 1 4 10 7 36 42
G000006PNVNRLT_0 4 10 7 36 43
G000006PNVNRLT_0 3 10 7 36 44
G000006PNVNRLT_0 2 10 7 36 44 1
G000006PNVNRLT_0 1 10 7 36 46
G000006PNVNRLT_0 10 7 36 47
G000006PNVNRLT_0 2 1 6 7 36 48
G000006PNVNRLT_0 1 1 6 7 36 49
G000006PNVNRLT_0 1 6 7 36 49 1
G000006PNVNRLT_0 6 7 36 49 1 1
G000006PNVNRLT_0 5 7 36 52
G000006PNVNRLT_0 4 7 36 53
G000006PNVNRLT_0 1 1 1 7 36 53 1
G000006PNVNRLT_0 1 1 7 36 55
G000006PNVNRLT_0 1 7 36 55 1
G000006PNVNRLT_0 7 36 57
G000006PNVNRLT_0 6 36 58
G000006PNVNRLT_0 1 1 2 1 36 59
G000006PNVNRLT_0 1 2 1 36 60
G000006PNVNRLT_0 2 1 36 60 1
G000006PNVNRLT_0 1 1 36 62
G000006PNVNRLT_0 1 36 62 1
G000006PNVNRLT_0 36 64
G000006PNVNRLT_0 8 27 65
G000006PNVNRLT_0 1 6 27 66
G000006PNVNRLT_0 6 27 67
G000006PNVNRLT_0 1 4 27 68
G000006PNVNRLT_0 4 27 69
G000006PNVNRLT_0 3 27 70
G000006PNVNRLT_0 1 1 27 71
G000006PNVNRLT_0 1 27 72
G000006PNVNRLT_0 27 73
G000006PNVNRLT_0 5 13 8 74
G000006PNVNRLT_0 1 3 13 8 75
G000006PNVNRLT_0 3 13 8 76
G000006PNVNRLT_0 2 13 8 77
G000006PNVNRLT_0 1 13 8 78
G000006PNVNRLT_0 13 8 79
G000006PNVNRLT_0 1 1 6 4 8 80
G000006PNVNRLT_0 1 6 4 8 81
G000006PNVNRLT_0 6 4 8 82
G000006PNVNRLT_0 1 1 1 1 1 4 8 83
G000006PNVNRLT_0 1 1 1 1 4 8 84
G000006PNVNRLT_0 1 1 1 4 8 85
G000006PNVNRLT_0 1 1 4 8 85 1
G000006PNVNRLT_0 1 4 8 87
G000006PNVNRLT_0 4 8 88
G000006PNVNRLT_0 1 1 1 8 89
G000006PNVNRLT_0 1 1 8 90
G000006PNVNRLT_0 1 8 91
G000006PNVNRLT_0 8 92
G000006PNVNRLT_0 2 5 93
G000006PNVNRLT_0 1 5 94
G000006PNVNRLT_0 5 94 1
G000006PNVNRLT_0 4 96
G000006PNVNRLT_0 1 1 1 97
G000006PNVNRLT_0 1 1 98
G000006PNVNRLT_0 1 99
G000006PNVNRLT_0 100
G000006PNVNRLT_0 100
G000006PNVNRLT_0 7 93
G000006PNVNRLT_0 4 2 94
G000006PNVNRLT_0 3 2 95
G000006PNVNRLT_0 2 2 95 1
G000006PNVNRLT_0 1 2 95 1 1
G000006PNVNRLT_0 2 95 3
G000006PNVNRLT_0 1 95 4
G000006PNVNRLT_0 95 5
G000006PNVNRLT_0 39 55 6
G000006PNVNRLT_0 2 2 1 33 55 7
G000006PNVNRLT_0 1 2 1 33 55 8
G000006PNVNRLT_0 2 1 33 55 8 1
G000006PNVNRLT_0 1 1 33 55 10
G000006PNVNRLT_0 1 33 55 11
G000006PNVNRLT_0 33 55 12
G000006PNVNRLT_0 1 11 15 5 55 13
G000006PNVNRLT_0 11 15 5 55 14
G000006PNVNRLT_0 6 2 2 15 5 55 15
G000006PNVNRLT_0 5 2 2 15 5 55 15 1
G000006PNVNRLT_0 1 1 1 1 2 2 15 5 55 17
G000006PNVNRLT_0 1 1 1 2 2 15 5 55 18
G000006PNVNRLT_0 1 1 2 2 15 5 55 18 1
G000006PNVNRLT_0 1 2 2 15 5 55 20
G000006PNVNRLT_0 2 2 15 5 55 21
G000006PNVNRLT_0 1 2 15 5 55 22
G000006PNVNRLT_0 2 15 5 55 23
G000006PNVNRLT_0 1 15 5 55 24
G000006PNVNRLT_0 15 5 55 25
G000006PNVNRLT_0 5 9 5 55 26
G000006PNVNRLT_0 2 2 9 5 55 27
G000006PNVNRLT_0 1 2 9 5 55 28
G000006PNVNRLT_0 2 9 5 55 29
G000006PNVNRLT_0 1 9 5 55 29 1
G000006PNVNRLT_0 9 5 55 31
G000006PNVNRLT_0 2 3 3 5 55 32
G000006PNVNRLT_0 1 3 3 5 55 33
G000006PNVNRLT_0 3 3 5 55 34
G000006PNVNRLT_0 1 1 3 5 55 35
G000006PNVNRLT_0 1 3 5 55 36
G000006PNVNRLT_0 3 5 55 37
G000006PNVNRLT_0 1 1 5 55 38
G000006PNVNRLT_0 1 5 55 39
G000006PNVNRLT_0 5 55 40
G000006PNVNRLT_0 1 1 1 1 55 41
G000006PNVNRLT_0 1 1 1 55 42
G000006PNVNRLT_0 1 1 55 43
G000006PNVNRLT_0 1 55 43 1
G000006PNVNRLT_0 55 43 1 1
G000006PNVNRLT_0 10 44 43 3
G000006PNVNRLT_0 1 1 2 5 44 43 4
G000006PNVNRLT_0 1 2 5 44 43 5
G000006PNVNRLT_0 2 5 44 43 6
G000006PNVNRLT_0 1 5 44 43 7
G000006PNVNRLT_0 5 44 43 8
G000006PNVNRLT_0 2 2 44 43 9
G000006PNVNRLT_0 1 2 44 43 10
G000006PNVNRLT_0 2 44 43 11
G000006PNVNRLT_0 1 44 43 12
G000006PNVNRLT_0 44 43 13
G000006PNVNRLT_0 1 42 43 14
G000006PNVNRLT_0 42 43 15
G000006PNVNRLT_0 1 13 8 19 43 16
G000006PNVNRLT_0 13 8 19 43 17
G000006PNVNRLT_0 5 7 8 19 43 17 1
G000006PNVNRLT_0 1 1 1 1 7 8 19 43 17 1 1
G000006PNVNRLT_0 1 1 1 7 8 19 43 20
G000006PNVNRLT_0 1 1 7 8 19 43 21
G000006PNVNRLT_0 1 7 8 19 43 22
G000006PNVNRLT_0 7 8 19 43 23
G000006PNVNRLT_0 1 5 8 19 43 23 1
G000006PNVNRLT_0 5 8 19 43 25
G000006PNVNRLT_0 1 3 8 19 43 26
G000006PNVNRLT_0 3 8 19 43 26 1
G000006PNVNRLT_0 1 1 8 19 43 28
G000006PNVNRLT_0 1 8 19 43 29
G000006PNVNRLT_0 8 19 43 29 1
G000006PNVNRLT_0 3 2 2 19 43 31
G000006PNVNRLT_0 1 1 2 2 19 43 32
G000006PNVNRLT_0 1 2 2 19 43 32 1
G000006PNVNRLT_0 2 2 19 43 34
G000006PNVNRLT_0 1 2 19 43 34 1
G000006PNVNRLT_0 2 19 43 36
G000006PNVNRLT_0 1 19 43 37
G000006PNVNRLT_0 19 43 37 1
G000006PNVNRLT_0 1 3 2 2 10 43 39
G000006PNVNRLT_0 3 2 2 10 43 40
G000006PNVNRLT_0 1 1 2 2 10 43 41
G00000CQN9BUAZ_0 1 1 2 1 6 20 4 8 57
G00000CQN9BUAZ_0 1 2 1 6 20 4 8 57 1
G00000CQN9BUAZ_0 2 1 6 20 4 8 59
G00000CQN9BUAZ_0 1 1 6 20 4 8 59 1
G00000CQN9BUAZ_0 1 6 20 4 8 59 1 1
G00000CQN9BUAZ_0 6 20 4 8 62
G00000CQN9BUAZ_0 5 20 4 8 63
G00000CQN9BUAZ_0 4 20 4 8 64
G00000CQN9BUAZ_0 3 20 4 8 65
G00000CQN9BUAZ_0 2 20 4 8 66
G00000CQN9BUAZ_0 1 20 4 8 67
G00000CQN9BUAZ_0 20 4 8 68
G00000CQN9BUAZ_0 15 4 4 8 69
G00000CQN9BUAZ_0 7 3 2 2 4 4 8 70
G00000CQN9BUAZ_0 6 3 2 2 4 4 8 71
G00000CQN9BUAZ_0 5 3 2 2 4 4 8 72
G00000CQN9BUAZ_0 4 3 2 2 4 4 8 73
G00000CQN9BUAZ_0 3 3 2 2 4 4 8 74
G00000CQN9BUAZ_0 1 1 3 2 2 4 4 8 75
G00000CQN9BUAZ_0 1 3 2 2 4 4 8 76
G00000CQN9BUAZ_0 3 2 2 4 4 8 77
G00000CQN9BUAZ_0 1 1 2 2 4 4 8 78
G00000CQN9BUAZ_0 1 2 2 4 4 8 79
G00000CQN9BUAZ_0 2 2 4 4 8 80
G00000CQN9BUAZ_0 1 2 4 4 8 80 1
G00000CQN9BUAZ_0 2 4 4 8 82
G00000CQN9BUAZ_0 1 4 4 8 83
G00000CQN9BUAZ_0 4 4 8 83 1
G00000CQN9BUAZ_0 1 2 4 8 85
G00000CQN9BUAZ_0 2 4 8 86
G00000CQN9BUAZ_0 1 4 8 87
G00000CQN9BUAZ_0 4 8 87 1
G00000CQN9BUAZ_0 3 8 89
G00000CQN9BUAZ_0 1 1 8 90
G00000CQN9BUAZ_0 1 8 91
G00000CQN9BUAZ_0 8 92
G00000CQN9BUAZ_0 7 92 1
G00000CQN9BUAZ_0 6 94
G00000CQN9BUAZ_0 1 1 3 95
G00000CQN9BUAZ_0 1 3 96
G00000CQN9BUAZ_0 3 97
G00000CQN9BUAZ_0 1 1 98
G00000CQN9BUAZ_0 1 99
G00000CQN9BUAZ_0 100
G00000CQN9BUAZ_0 24 76
G00000CQN9BUAZ_0 19 4 77
G00000CQN9BUAZ_0 2 14 2 4 78
G00000CQN9BUAZ_0 1 14 2 4 79
G00000CQN9BUAZ_0 14 2 4 80
G00000CQN9BUAZ_0 1 1 6 5 2 4 81
G00000CQN9BUAZ_0 1 6 5 2 4 81 1
G00000CQN9BUAZ_0 6 5 2 4 83
G00000CQN9BUAZ_0 1 1 3 5 2 4 84
G00000CQN9BUAZ_0 1 3 5 2 4 85
G00000CQN9BUAZ_0 3 5 2 4 86
G00000CQN9BUAZ_0 1 1 5 2 4 87
G00000CQN9BUAZ_0 1 5 2 4 88
G00000CQN9BUAZ_0 5 2 4 89
G00000CQN9BUAZ_0 4 2 4 89 1
G00000CQN9BUAZ_0 1 1 1 2 4 91
G00000CQN9BUAZ_0 1 1 2 4 92
G00000CQN9BUAZ_0 1 2 4 93
G00000CQN9BUAZ_0 2 4 94
G00000CQN9BUAZ_0 1 4 95
G00000CQN9BUAZ_0 4 96
G00000CQN9BUAZ_0 1 2 97
G00000CQN9BUAZ_0 2 98
G00000CQN9BUAZ_0 1 99
G00000CQN9BUAZ_0 100
G00000CQN9BUAZ_0 100
G00000CQN9BUAZ_0 3 18 11 68
G00000CQN9BUAZ_0 1 1 18 11 69
G00000CQN9BUAZ_0 1 18 11 69 1
G00000CQN9BUAZ_0 18 11 69 1 1
G00000CQN9BUAZ_0 3 2 12 11 69 1 1 1
G00000CQN9BUAZ_0 1 1 2 12 11 69 1 1 1 1
G00000CQN9BUAZ_0 1 2 12 11 69 5
G00000CQN9BUAZ_0 2 12 11 69 6
G00000CQN9BUAZ_0 1 12 11 69 7
G00000CQN9BUAZ_0 12 11 69 8
G00000CQN9BUAZ_0 1 10 11 69 9
G00000CQN9BUAZ_0 10 11 69 10
G00000CQN9BUAZ_0 1 1 1 1 5 11 69 11
G00000CQN9BUAZ_0 1 1 1 5 11 69 12
G00000CQN9BUAZ_0 1 1 5 11 69 13
G00000CQN9BUAZ_0 1 5 11 69 14
G00000CQN9BUAZ_0 5 11 69 15
G00000CQN9BUAZ_0 4 11 69 16
G00000CQN9BUAZ_0 1 2 11 69 16 1
G00000CQN9BUAZ_0 2 11 69 16 1 1
G00000CQN9BUAZ_0 1 11 69 19
G00000CQN9BUAZ_0 11 69 20
G00000CQN9BUAZ_0 1 9 69 21
G00000CQN9BUAZ_0 9 69 22
G00000CQN9BUAZ_0 1 7 69 23
G00000CQN9BUAZ_0 7 69 24
G00000CQN9BUAZ_0 3 1 2 69 25
G00000CQN9BUAZ_0 1 1 1 2 69 26
G00000CQN9BUAZ_0 1 1 2 69 26 1
G00000CQN9BUAZ_0 1 2 69 28
G00000CQN9BUAZ_0 2 69 29
G00000CQN9BUAZ_0 1 69 30
G00000CQN9BUAZ_0 69 30 1
G00000CQN9BUAZ_0 20 3 45 32
G00000CQN9BUAZ_0 1 2 4 2 4 6 3 45 33
G00000CQN9BUAZ_0 2 4 2 4 6 3 45 34
G00000CQN9BUAZ_0 1 4 2 4 6 3 45 35
G00000CQN9BUAZ_0 4 2 4 6 3 45 36
G00000CQN9BUAZ_0 1 1 1 2 4 6 3 45 37
G00000CQN9BUAZ_0 1 1 2 4 6 3 45 38
G00000CQN9BUAZ_0 1 2 4 6 3 45 38 1
G00000CQN9BUAZ_0 2 4 6 3 45 40
G00000CQN9BUAZ_0 1 4 6 3 45 41
G00000CQN9BUAZ_0 4 6 3 45 42
G00000CQN9BUAZ_0 3 6 3 45 43
G00000CQN9BUAZ_0 1 1 6 3 45 43 1
G00000CQN9BUAZ_0 1 6 3 45 45
G00000CQN9BUAZ_0 6 3 45 46
G00000CQN9BUAZ_0 3 2 3 45 47
G00000CQN9BUAZ_0 1 1 2 3 45 48
G00000CQN9BUAZ_0 1 2 3 45 48 1
G00000CQN9BUAZ_0 2 3 45 50
G00000CQN9BUAZ_0 1 3 45 51
G00000CQN9BUAZ_0 3 45 52
G00000CQN9BUAZ_0 1 1 45 53
G00000CQN9BUAZ_0 1 45 54
G00000CQN9BUAZ_0 45 55
G00000CQN9BUAZ_0 1 1 1 5 22 14 56
G00000CQN9BUAZ_0 1 1 5 22 14 57
G00000CQN9BUAZ_0 1 5 22 14 57 1
G00000CQN9BUAZ_0 5 22 14 59
G00000CQN9BUAZ_0 1 1 1 1 22 14 60
G00000CQN9BUAZ_0 1 1 1 22 14 61
G00000CQN9BUAZ_0 1 1 22 14 61 1
G00000CQN9BUAZ_0 1 22 14 61 1 1
G00000CQN9BUAZ_0 22 14 61 1 1 1
G00000CQN9BUAZ_0 13 8 14 61 1 1 1 1
G00000CQN9BUAZ_0 12 8 14 66
G00000CQN9BUAZ_0 1 10 8 14 66 1
G00000CQN9BUAZ_0 10 8 14 68
G00000CQN9BUAZ_0 1 8 8 14 69
G00000CQN9BUAZ_0 8 8 14 69 1
G00000CQN9BUAZ_0 1 3 3 8 14 69 1 1
G00000CQN9BUAZ_0 3 3 8 14 72
G00000CQN9BUAZ_0 1 1 3 8 14 73
G00000CQN9BUAZ_0 1 3 8 14 74
G00000CQN9BUAZ_0 3 8 14 75
G00000CQN9BUAZ_0 1 1 8 14 76
G00000CQN9BUAZ_0 1 8 14 76 1
G00000CQN9BUAZ_0 8 14 78
G00000CQN9BUAZ_0 1 4 1 1 14 79
G00000CQN9BUAZ_0 4 1 1 14 80
G00000CQN9BUAZ_0 3 1 1 14 81
G00000CQN9BUAZ_0 2 1 1 14 82
G00000CQN9BUAZ_0 1 1 1 14 83
G00000CQN9BUAZ_0 1 1 14 84
G00000CQN9BUAZ_0 1 14 85
G00000CQN9BUAZ_0 14 86
G00000CQN9BUAZ_0 13 87
G00000CQN9BUAZ_0 2 10 88
G00000CQN9BUAZ_0 1 10 89
G00000CQN9BUAZ_0 10 90
G00000CQN9BUAZ_0 5 4 91
G00000CQN9BUAZ_0 1 3 4 92
G00000CQN9BUAZ_0 3 4 93
G00000CQN9BUAZ_0 1 1 4 94
G00000CQN9BUAZ_0 1 4 95
G00000CQN9BUAZ_0 4 96
G00000CQN9BUAZ_0 2 1 96 1
G00000CQN9BUAZ_0 1 1 98
G00000CQN9BUAZ_0 1 98 1
G00000CQN9BUAZ_0 98 1 1
G00000CQN9BUAZ_0 60 37 1 1 1
G00000CQN9BUAZ_0 59 41
G00000CQN9BUAZ_0 13 45 41 1
G00000CQN9BUAZ_0 12 45 41 1 1
G00000CQN9BUAZ_0 6 5 45 44
G00000CQN9BUAZ_0 1 1 3 5 45 45
G00000CQN9BUAZ_0 1 3 5 45 45 1
G00000CQN9BUAZ_0 3 5 45 45 1 1
G00000CQN9BUAZ_0 1 1 5 45 48
G00000CQN9BUAZ_0 1 5 45 49
G00000CQN9BUAZ_0 5 45 50
G00000CQN9BUAZ_0 3 1 45 51
G00000CQN9BUAZ_0 2 1 45 52
G00000CQN9BUAZ_0 1 1 45 53
G00000CQN9BUAZ_0 1 45 54
G00000CQN9BUAZ_0 45 55
G00000CQN9BUAZ_0 13 13 18 56
G00000CQN9BUAZ_0 2 5 1 4 13 18 57
G00000CQN9BUAZ_0 1 5 1 4 13 18 57 1
G00000CQN9BUAZ_0 5 1 4 13 18 59
G00000CQN9BUAZ_0 4 1 4 13 18 60
G00000CQN9BUAZ_0 1 2 1 4 13 18 61
G00000CQN9BUAZ_0 2 1 4 13 18 61 1
G00000CQN9BUAZ_0 1 1 4 13 18 63
G00000CQN9BUAZ_0 1 4 13 18 64
G00000CQN9BUAZ_0 4 13 18 65
G00000CQN9BUAZ_0 1 1 1 13 18 66
G00000CQN9BUAZ_0 1 1 13 18 67
G00000CQN9BUAZ_0 1 13 18 68
G00000CQN9BUAZ_0 13 18 69
G00000CQN9BUAZ_0 4 1 1 1 5 18 69 1
G00000CQN9BUAZ_0 3 1 1 1 5 18 71
G00000CQN9BUAZ_0 2 1 1 1 5 18 72
G00000CQN9BUAZ_0 1 1 1 1 5 18 73
G00000CQN9BUAZ_0 1 1 1 5 18 74
G00000CQN9BUAZ_0 1 1 5 18 75
G00000CQN9BUAZ_0 1 5 18 76
G00000CQN9BUAZ_0 5 18 77
G00000CQN9BUAZ_0 1 3 18 78
G00000CQN9BUAZ_0 3 18 79
G00000CQN9BUAZ_0 2 18 79 1
G00000CQN9BUAZ_0 1 18 81
G00000CQN9BUAZ_0 18 82
G00000CQN9BUAZ_0 4 13 82 1
G00000CQN9BUAZ_0 3 13 84
G00000CQN9BUAZ_0 2 13 85
G00000CQN9BUAZ_0 1 13 86
G00000CQN9BUAZ_0 13 87
G00000CQN9BUAZ_0 4 4 4 88
G00000CQN9BUAZ_0 3 4 4 89
G00000CQN9BUAZ_0 2 4 4 90
G00000CQN9BUAZ_0 1 4 4 91
G00000CQN9BUAZ_0 4 4 92
G00000CQN9BUAZ_0 3 4 93
G00000CQN9BUAZ_0 1 1 4 94
G00000CQN9BUAZ_0 1 4 95
G00000CQN9BUAZ_0 4 95 1
G00000CQN9BUAZ_0 3 97
G00000CQN9BUAZ_0 2 98
G00000CQN9BUAZ_0 1 99
G00000CQN9BUAZ_0 100
G00000CQN9BUAZ_0 36 64
G00000CQN9BUAZ_0 35 64 1
G00000CQN9BUAZ_0 2 3 29 66
G00000CQN9BUAZ_0 1 3 29 66 1
G00000CQN9BUAZ_0 3 29 66 1 1
G00000CQN9BUAZ_0 2 29 69
G00000CQN9BUAZ_0 1 29 70
G00000CQN9BUAZ_0 29 71
G00000CQN9BUAZ_0 26 2 71 1
G00000CQN9BUAZ_0 1 3 1 20 2 73
G00000CQN9BUAZ_0 3 1 20 2 74
G00000CQN9BUAZ_0 1 1 1 20 2 75
G00000CQN9BUAZ_0 1 1 20 2 76
G00000CQN9BUAZ_0 1 20 2 77
G00000CQN9BUAZ_0 20 2 78
G00000CQN9BUAZ_0 1 1 7 7 2 1 2 79
G00000CQN9BUAZ_0 1 7 7 2 1 2 79 1
G00000CQN9BUAZ_0 7 7 2 1 2 79 1 1
G00000CQN9BUAZ_0 1 3 1 1 7 2 1 2 82
G00000CQN9BUAZ_0 3 1 1 7 2 1 2 83
G00000CQN9BUAZ_0 2 1 1 7 2 1 2 84
G00000CQN9BUAZ_0 1 1 1 7 2 1 2 85
G00000CQN9BUAZ_0 1 1 7 2 1 2 86
G00000CQN9BUAZ_0 1 7 2 1 2 87
G00000CQN9BUAZ_0 7 2 1 2 88
G00000CQN9BUAZ_0 5 1 2 1 2 89
G00000CQN9BUAZ_0 4 1 2 1 2 90
G00000CQN9BUAZ_0 3 1 2 1 2 90 1
G00000CQN9BUAZ_0 2 1 2 1 2 92
G00000CQN9BUAZ_0 1 1 2 1 2 93
G00000CQN9BUAZ_0 1 2 1 2 93 1
G00000CQN9BUAZ_0 2 1 2 95
G00000CQN9BUAZ_0 1 1 2 95 1
G00000CQN9BUAZ_0 1 2 97
G00000CQN9BUAZ_0 2 98
G00000CQN9BUAZ_0 1 99
G00000CQN9BUAZ_0 100
G00000CQN9BUAZ_0 100
G00000CQN9BUAZ_0 2 4 94
G00000CQN9BUAZ_0 1 4 95
G00000CQN9BUAZ_0 4 96
G00000CQN9BUAZ_0 3 97
G00000CQN9BUAZ_0 2 98
G00000CQN9BUAZ_0 1 99
G00000CQN9BUAZ_0 100
G00000CQN9BUAZ_0 55 2 13 30
G00000CQN9BUAZ_0 10 22 22 2 13 31
G00000CQN9BUAZ_0 9 22 22 2 13 32
G00000CQN9BUAZ_0 8 22 22 2 13 33
G00000CQN9BUAZ_0 4 3 22 22 2 13 34
G00000CQN9BUAZ_0 1 1 1 3 22 22 2 13 35
G00000CQN9BUAZ_0 1 1 3 22 22 2 13 36
G00000CQN9BUAZ_0 1 3 22 22 2 13 37
G00000CQN9BUAZ_0 3 22 22 2 13 38
G00000CQN9BUAZ_0 1 1 22 22 2 13 39
G00000CQN9BUAZ_0 1 22 22 2 13 40
G00000CQN9BUAZ_0 22 22 2 13 40 1
G00000CQN9BUAZ_0 1 1 1 8 10 22 2 13 42
G00000CQN9BUAZ_0 1 1 8 10 22 2 13 43
G00000CQN9BUAZ_0 1 8 10 22 2 13 44
G00000CQN9BUAZ_0 8 10 22 2 13 44 1
G00000CQN9BUAZ_0 1 5 1 10 22 2 13 46
G00000CQN9BUAZ_0 5 1 10 22 2 13 46 1
G00000CQN9BUAZ_0 2 1 1 1 10 22 2 13 48
G00000CQN9BUAZ_0 1 1 1 1 10 22 2 13 48 1
G00000CQN9BUAZ_0 1 1 1 10 22 2 13 50
G00000CQN9BUAZ_0 1 1 10 22 2 13 51
G00000CQN9BUAZ_0 1 10 22 2 13 52
G00000CQN9BUAZ_0 10 22 2 13 53
G00000CQN9BUAZ_0 1 5 1 1 1 22 2 13 54
G00000CQN9BUAZ_0 5 1 1 1 22 2 13 55
G00000CQN9BUAZ_0 4 1 1 1 22 2 13 56
G00000CQN9BUAZ_0 3 1 1 1 22 2 13 57
G00000CQN9BUAZ_0 2 1 1 1 22 2 13 58
G00000CQN9BUAZ_0 1 1 1 1 22 2 13 58 1
G00000CQN9BUAZ_0 1 1 1 22 2 13 60
G00000CQN9BUAZ_0 1 1 22 2 13 61
G00000CQN9BUAZ_0 1 22 2 13 62
G00000CQN9BUAZ_0 22 2 13 63
G00000CQN9BUAZ_0 1 1 19 2 13 64
G00000CQN9BUAZ_0 1 19 2 13 65
G00000CQN9BUAZ_0 19 2 13 66
G00000CQN9BUAZ_0 1 1 3 6 1 6 2 13 67
G00000CQN9BUAZ_0 1 3 6 1 6 2 13 68
G00000CQN9BUAZ_0 3 6 1 6 2 13 69
G00000CQN9BUAZ_0 1 1 6 1 6 2 13 70
G00000CQN9BUAZ_0 1 6 1 6 2 13 71
G00000CQN9BUAZ_0 6 1 6 2 13 72
G00000CQN9BUAZ_0 5 1 6 2 13 73
G00000CQN9BUAZ_0 1 1 1 1 1 6 2 13 74
G00000CQN9BUAZ_0 1 1 1 1 6 2 13 75
G00000CQN9BUAZ_0 1 1 1 6 2 13 76
G00000CQN9BUAZ_0 1 1 6 2 13 77
G00000CQN9BUAZ_0 1 6 2 13 77 1
G00000CQN9BUAZ_0 6 2 13 79
G00000CQN9BUAZ_0 1 1 1 1 1 2 13 80
G00000CQN9BUAZ_0 1 1 1 1 2 13 81
G00000CQN9BUAZ_0 1 1 1 2 13 82
G00000CQN9BUAZ_0 1 1 2 13 83
G00000CQN9BUAZ_0 1 2 13 84
G00000CQN9BUAZ_0 2 13 85
G00000CQN9BUAZ_0 1 13 86
G00000CQN9BUAZ_0 13 87
G00000CQN9BUAZ_0 4 8 87 1
G00000CQN9BUAZ_0 1 1 1 8 89
G00000CQN9BUAZ_0 1 1 8 90
G00000CQN9BUAZ_0 1 8 91
G00000CQN9BUAZ_0 8 92
G00000CQN9BUAZ_0 1 2 4 93
G00000CQN9BUAZ_0 2 4 94
G00000CQN9BUAZ_0 1 4 95
G00000CQN9BUAZ_0 4 96
G00000CQN9BUAZ_0 3 97
G00000CQN9BUAZ_0 2 97 1
G00000CQN9BUAZ_0 1 99
G00000CQN9BUAZ_0 100
G00000CQN9BUAZ_0 13 87
G00000CQN9BUAZ_0 7 1 1 3 88
G00000CQN9BUAZ_0 6 1 1 3 89
G00000CQN9BUAZ_0 5 1 1 3 90
G00000CQN9BUAZ_0 4 1 1 3 91
G00000CQN9BUAZ_0 3 1 1 3 92
G00000CQN9BUAZ_0 1 1 1 1 3 92 1
G00000CQN9BUAZ_0 1 1 1 3 92 1 1
G00000CQN9BUAZ_0 1 1 3 92 3
G00000CQN9BUAZ_0 1 3 92 4
G00000CQN9BUAZ_0 3 92 5
G00000CQN9BUAZ_0 2 92 5 1
G00000CQN9BUAZ_0 1 92 5 1 1
G00000CQN9BUAZ_0 92 5 1 1 1
G00000CQN9BUAZ_0 1 24 6 60 5 4
G00000CQN9BUAZ_0 24 6 60 5 4 1
G00000CQN9BUAZ_0 1 2 14 6 6 60 5 4 1 1
G00000CQN9BUAZ_0 2 14 6 6 60 5 7
G00000CQN9BUAZ_0 1 14 6 6 60 5 8
G00000CQN9BUAZ_0 14 6 6 60 5 9
G00000CQN9BUAZ_0 13 6 6 60 5 10
G00000CQN9BUAZ_0 1 11 6 6 60 5 11
G00000CQN9BUAZ_0 11 6 6 60 5 11 1
G00000CQN9BUAZ_0 1 9 6 6 60 5 13
G00000CQN9BUAZ_0 9 6 6 60 5 14
G00000CQN9BUAZ_0 1 7 6 6 60 5 15
G00000CQN9BUAZ_0 7 6 6 60 5 16
G00000CQN9BUAZ_0 1 1 1 1 1 1 6 6 60 5 16 1
G00000CQN9BUAZ_0 1 1 1 1 1 6 6 60 5 18
G00000CQN9BUAZ_0 1 1 1 1 6 6 60 5 19
G00000CQN9BUAZ_0 1 1 1 6 6 60 5 19 1
G00000CQN9BUAZ_0 1 1 6 6 60 5 21
G00000CQN9BUAZ_0 1 6 6 60 5 22
G00000CQN9BUAZ_0 6 6 60 5 23
G00000CQN9BUAZ_0 3 2 6 60 5 24
G00000CQN9BUAZ_0 1 1 2 6 60 5 24 1
G00000CQN9BUAZ_0 1 2 6 60 5 26
G00000CQN9BUAZ_0 2 6 60 5 27
G00000CQN9BUAZ_0 1 6 60 5 28
G00000CQN9BUAZ_0 6 60 5 28 1
G00000CQN9BUAZ_0 3 2 60 5 30
G00000CQN9BUAZ_0 1 1 2 60 5 31
G00000CQN9BUAZ_0 1 2 60 5 31 1
G00000CQN9BUAZ_0 2 60 5 33
G00000CQN9BUAZ_0 1 60 5 34
G00000CQN9BUAZ_0 60 5 35
G00000CQN9BUAZ_0 1 29 10 10 9 5 36
G00000CQN9BUAZ_0 29 10 10 9 5 37
G00000CQN9BUAZ_0 1 3 5 19 10 10 9 5 38
G00000CQN9BUAZ_0 3 5 19 10 10 9 5 39
G00000CQN9BUAZ_0 1 1 5 19 10 10 9 5 40
G00000CQN9BUAZ_0 1 5 19 10 10 9 5 41
G00000CQN9BUAZ_0 5 19 10 10 9 5 42
G00000CQN9BUAZ_0 4 19 10 10 9 5 43
G00000CQN9BUAZ_0 3 19 10 10 9 5 44
G00000CQN9BUAZ_0 1 1 19 10 10 9 5 45
G00000CQN9BUAZ_0 1 19 10 10 9 5 46
G00000CQN9BUAZ_0 19 10 10 9 5 47
G00000CQN9BUAZ_0 1 1 3 1 1 1 1 1 6 1 1 10 10 9 5 48
G00000CQN9BUAZ_0 1 3 1 1 1 1 1 6 1 1 10 10 9 5 49
G00000CQN9BUAZ_0 3 1 1 1 1 1 6 1 1 10 10 9 5 50
G00000CQN9BUAZ_0 1 1 1 1 1 1 1 6 1 1 10 10 9 5 51
G00000CQN9BUAZ_0 1 1 1 1 1 1 6 1 1 10 10 9 5 52
G00000CQN9BUAZ_0 1 1 1 1 1 6 1 1 10 10 9 5 52 1
G00000CQN9BUAZ_0 1 1 1 1 6 1 1 10 10 9 5 54
G00000CQN9BUAZ_0 1 1 1 6 1 1 10 10 9 5 55
G00000CQN9BUAZ_0 1 1 6 1 1 10 10 9 5 56
G00000CQN9BUAZ_0 1 6 1 1 10 10 9 5 57
G00000CQN9BUAZ_0 6 1 1 10 10 9 5 58
G00000CQN9BUAZ_0 1 1 1 1 1 1 1 10 10 9 5 59
G00000CQN9BUAZ_0 1 1 1 1 1 1 10 10 9 5 60
G00000CQN9BUAZ_0 1 1 1 1 1 10 10 9 5 61
G00000CQN9BUAZ_0 1 1 1 1 10 10 9 5 62
G00000CQN9BUAZ_0 1 1 1 10 10 9 5 63
G00000CQN9BUAZ_0 1 1 10 10 9 5 64
G00000CQN9BUAZ_0 1 10 10 9 5 65
G00000CQN9BUAZ_0 10 10 9 5 66
G00000CQN9BUAZ_0 1 1 1 1 3 2 10 9 5 67
G00000CQN9BUAZ_0 1 1 1 3 2 10 9 5 68
G00000CQN9BUAZ_0 1 1 3 2 10 9 5 68 1
G00000CQN9BUAZ_0 1 3 2 10 9 5 70
G00000CQN9BUAZ_0 3 2 10 9 5 71
G00000CQN9BUAZ_0 1 1 2 10 9 5 72
G00000CQN9BUAZ_0 1 2 10 9 5 72 1
G00000CQN9BUAZ_0 2 10 9 5 72 1 1
G00000CQN9BUAZ_0 1 10 9 5 75
G00000CQN9BUAZ_0 10 9 5 76
G00000CQN9BUAZ_0 1 1 4 2 1 9 5 76 1
G00000CQN9BUAZ_0 1 4 2 1 9 5 76 1 1
G00000CQN9BUAZ_0 4 2 1 9 5 76 1 1 1
G00000CQN9BUAZ_0 1 1 1 2 1 9 5 80
G00000CQN9BUAZ_0 1 1 2 1 9 5 81
G00000CQN9BUAZ_0 1 2 1 9 5 82
G00000CQN9BUAZ_0 2 1 9 5 83
G00000CQN9BUAZ_0 1 1 9 5 84
G00000CQN9BUAZ_0 1 9 5 84 1
G00000CQN9BUAZ_0 9 5 84 1 1
G00000CQN9BUAZ_0 2 6 5 84 1 1 1
G00000CQN9BUAZ_0 1 6 5 84 4
G00000CQN9BUAZ_0 6 5 84 5
G00000CQN9BUAZ_0 1 1 1 1 1 5 84 5 1
G00000CQN9BUAZ_0 1 1 1 1 5 84 7
G00000CQN9BUAZ_0 1 1 1 5 84 8
G00000CQN9BUAZ_0 1 1 5 84 9
G00000CQN9BUAZ_0 1 5 84 10
G00000CQN9BUAZ_0 5 84 11
G00000CQN9BUAZ_0 4 84 12
G00000CQN9BUAZ_0 1 1 1 84 13
G00000CQN9BUAZ_0 1 1 84 14
G00000CQN9BUAZ_0 1 84 15
G00000CQN9BUAZ_0 84 16
G00000CQN9BUAZ_0 75 8 17
G00000CQN9BUAZ_0 2 72 8 18
G00000CQN9BUAZ_0 1 72 8 19
G00000CQN9BUAZ_0 72 8 19 1
G00000CQN9BUAZ_0 6 61 4 8 21
G00000CQN9BUAZ_0 1 3 1 61 4 8 21 1
G00000CQN9BUAZ_0 3 1 61 4 8 23
G00000CQN9BUAZ_0 2 1 61 4 8 23 1
G00000CQN9BUAZ_0 1 1 61 4 8 25
G00000CQN9BUAZ_0 1 61 4 8 25 1
G00000CQN9BUAZ_0 61 4 8 25 1 1
G00000CQN9BUAZ_0 3 1 3 5 28 20 4 8 25 1 1 1
G00000CQN9BUAZ_0 2 1 3 5 28 20 4 8 29
G00000CQN9BUAZ_0 1 1 3 5 28 20 4 8 30
G00000CQN9BUAZ_0 1 3 5 28 20 4 8 30 1
G00000CQN9BUAZ_0 3 5 28 20 4 8 32
G00000CQN9BUAZ_0 1 1 5 28 20 4 8 33
G00000CQN9BUAZ_0 1 5 28 20 4 8 34
G00000CQN9BUAZ_0 5 28 20 4 8 35
G00000CQN9BUAZ_0 1 3 28 20 4 8 36
G00000CQN9BUAZ_0 3 28 20 4 8 36 1
G00000CQN9BUAZ_0 2 28 20 4 8 38
G00000CQN9BUAZ_0 1 28 20 4 8 38 1
G00000CQN9BUAZ_0 28 20 4 8 40
G00000CQN9BUAZ_0 3 24 20 4 8 41
G00000CQN9BUAZ_0 2 24 20 4 8 42
G00000CQN9BUAZ_0 1 24 20 4 8 43
G00000CQN9BUAZ_0 24 20 4 8 44
G00000CQN9BUAZ_0 1 1 21 20 4 8 45
G00000CQN9BUAZ_0 1 21 20 4 8 46
G00000CQN9BUAZ_0 21 20 4 8 47
G00000CQN9BUAZ_0 1 3 10 6 20 4 8 48
G00000CQN9BUAZ_0 3 10 6 20 4 8 48 1
G00000CQN9BUAZ_0 1 1 10 6 20 4 8 50
G00000CQN9BUAZ_0 1 10 6 20 4 8 50 1
G00000CQN9BUAZ_0 10 6 20 4 8 52
G00000CQN9BUAZ_0 9 6 20 4 8 52 1
G00000CQN9BUAZ_0 7 1 6 20 4 8 54
G00000CQN9BUAZ_0 6 1 6 20 4 8 55
G00000CQN9BUAZ_0 3 2 1 6 20 4 8 56
