G00000MJ65HQJ9_0 2 1 14 10 7 23 6 5 32
G00000MJ65HQJ9_0 1 1 14 10 7 23 6 5 32 1
G00000MJ65HQJ9_0 1 14 10 7 23 6 5 34
G00000MJ65HQJ9_0 14 10 7 23 6 5 35
G00000MJ65HQJ9_0 2 3 1 7 10 7 23 6 5 36
G00000MJ65HQJ9_0 1 3 1 7 10 7 23 6 5 37
G00000MJ65HQJ9_0 3 1 7 10 7 23 6 5 38
G00000MJ65HQJ9_0 2 1 7 10 7 23 6 5 39
G00000MJ65HQJ9_0 1 1 7 10 7 23 6 5 40
G00000MJ65HQJ9_0 1 7 10 7 23 6 5 41
G00000MJ65HQJ9_0 7 10 7 23 6 5 42
G00000MJ65HQJ9_0 1 1 1 1 1 1 10 7 23 6 5 43
G00000MJ65HQJ9_0 1 1 1 1 1 10 7 23 6 5 44
G00000MJ65HQJ9_0 1 1 1 1 10 7 23 6 5 45
G00000MJ65HQJ9_0 1 1 1 10 7 23 6 5 46
G00000MJ65HQJ9_0 1 1 10 7 23 6 5 47
G00000MJ65HQJ9_0 1 10 7 23 6 5 48
G00000MJ65HQJ9_0 10 7 23 6 5 49
G00000MJ65HQJ9_0 1 8 7 23 6 5 49 1
G00000MJ65HQJ9_0 8 7 23 6 5 51
G00000MJ65HQJ9_0 1 6 7 23 6 5 52
G00000MJ65HQJ9_0 6 7 23 6 5 53
G00000MJ65HQJ9_0 1 1 1 1 1 7 23 6 5 54
G00000MJ65HQJ9_0 1 1 1 1 7 23 6 5 54 1
G00000MJ65HQJ9_0 1 1 1 7 23 6 5 54 1 1
G00000MJ65HQJ9_0 1 1 7 23 6 5 57
G00000MJ65HQJ9_0 1 7 23 6 5 58
G00000MJ65HQJ9_0 7 23 6 5 59
G00000MJ65HQJ9_0 3 1 2 23 6 5 60
G00000MJ65HQJ9_0 2 1 2 23 6 5 60 1
G00000MJ65HQJ9_0 1 1 2 23 6 5 62
G00000MJ65HQJ9_0 1 2 23 6 5 62 1
G00000MJ65HQJ9_0 2 23 6 5 64
G00000MJ65HQJ9_0 1 23 6 5 64 1
G00000MJ65HQJ9_0 23 6 5 66
G00000MJ65HQJ9_0 1 1 1 1 18 6 5 67
G00000MJ65HQJ9_0 1 1 1 18 6 5 68
G00000MJ65HQJ9_0 1 1 18 6 5 69
G00000MJ65HQJ9_0 1 18 6 5 70
G00000MJ65HQJ9_0 18 6 5 71
G00000MJ65HQJ9_0 1 4 12 6 5 72
G00000MJ65HQJ9_0 4 12 6 5 73
G00000MJ65HQJ9_0 3 12 6 5 74
G00000MJ65HQJ9_0 1 1 12 6 5 75
G00000MJ65HQJ9_0 1 12 6 5 75 1
G00000MJ65HQJ9_0 12 6 5 77
G00000MJ65HQJ9_0 6 5 6 5 77 1
G00000MJ65HQJ9_0 5 5 6 5 79
G00000MJ65HQJ9_0 1 1 1 1 5 6 5 80
G00000MJ65HQJ9_0 1 1 1 5 6 5 80 1
G00000MJ65HQJ9_0 1 1 5 6 5 82
G00000MJ65HQJ9_0 1 5 6 5 83
G00000MJ65HQJ9_0 5 6 5 84
G00000MJ65HQJ9_0 2 2 6 5 85
G00000MJ65HQJ9_0 1 2 6 5 85 1
G00000MJ65HQJ9_0 2 6 5 87
G00000MJ65HQJ9_0 1 6 5 88
G00000MJ65HQJ9_0 6 5 89
G00000MJ65HQJ9_0 1 4 5 89 1
G00000MJ65HQJ9_0 4 5 91
G00000MJ65HQJ9_0 2 1 5 92
G00000MJ65HQJ9_0 1 1 5 93
G00000MJ65HQJ9_0 1 5 94
G00000MJ65HQJ9_0 5 94 1
G00000MJ65HQJ9_0 4 96
G00000MJ65HQJ9_0 1 1 1 97
G00000MJ65HQJ9_0 1 1 98
G00000MJ65HQJ9_0 1 99
G00000MJ65HQJ9_0 100
G00000MJ65HQJ9_0 100
G00000MJ65HQJ9_0 6 94
G00000MJ65HQJ9_0 5 95
G00000MJ65HQJ9_0 4 96
G00000MJ65HQJ9_0 3 96 1
G00000MJ65HQJ9_0 1 1 96 1 1
G00000MJ65HQJ9_0 1 96 3
G00000MJ65HQJ9_0 96 3 1
G00000MJ65HQJ9_0 9 14 17 5 50 5
G00000MJ65HQJ9_0 1 7 14 17 5 50 6
G00000MJ65HQJ9_0 7 14 17 5 50 7
G00000MJ65HQJ9_0 6 14 17 5 50 7 1
G00000MJ65HQJ9_0 1 4 14 17 5 50 9
G00000MJ65HQJ9_0 4 14 17 5 50 9 1
G00000MJ65HQJ9_0 1 1 1 14 17 5 50 11
G00000MJ65HQJ9_0 1 1 14 17 5 50 12
G00000MJ65HQJ9_0 1 14 17 5 50 12 1
G00000MJ65HQJ9_0 14 17 5 50 14
G00000MJ65HQJ9_0 1 1 11 17 5 50 14 1
G00000MJ65HQJ9_0 1 11 17 5 50 16
G00000MJ65HQJ9_0 11 17 5 50 17
G00000MJ65HQJ9_0 1 1 1 7 17 5 50 18
G00000MJ65HQJ9_0 1 1 7 17 5 50 19
G00000MJ65HQJ9_0 1 7 17 5 50 20
G00000MJ65HQJ9_0 7 17 5 50 20 1
G00000MJ65HQJ9_0 1 2 2 1 17 5 50 20 1 1
G00000MJ65HQJ9_0 2 2 1 17 5 50 20 3
G00000MJ65HQJ9_0 1 2 1 17 5 50 20 3 1
G00000MJ65HQJ9_0 2 1 17 5 50 20 5
G00000MJ65HQJ9_0 1 1 17 5 50 20 6
G00000MJ65HQJ9_0 1 17 5 50 20 6 1
G00000MJ65HQJ9_0 17 5 50 20 8
G00000MJ65HQJ9_0 3 6 2 2 1 1 1 5 50 20 9
G00000MJ65HQJ9_0 1 1 6 2 2 1 1 1 5 50 20 10
G00000MJ65HQJ9_0 1 6 2 2 1 1 1 5 50 20 10 1
G00000MJ65HQJ9_0 6 2 2 1 1 1 5 50 20 12
G00000MJ65HQJ9_0 1 2 2 2 2 1 1 1 5 50 20 13
G00000MJ65HQJ9_0 2 2 2 2 1 1 1 5 50 20 14
G00000MJ65HQJ9_0 1 2 2 2 1 1 1 5 50 20 15
G00000MJ65HQJ9_0 2 2 2 1 1 1 5 50 20 16
G00000MJ65HQJ9_0 1 2 2 1 1 1 5 50 20 17
G00000MJ65HQJ9_0 2 2 1 1 1 5 50 20 17 1
G00000MJ65HQJ9_0 1 2 1 1 1 5 50 20 19
G00000MJ65HQJ9_0 2 1 1 1 5 50 20 20
G00000MJ65HQJ9_0 1 1 1 1 5 50 20 20 1
G00000MJ65HQJ9_0 1 1 1 5 50 20 22
G00000MJ65HQJ9_0 1 1 5 50 20 23
G00000MJ65HQJ9_0 1 5 50 20 24
G00000MJ65HQJ9_0 5 50 20 24 1
G00000MJ65HQJ9_0 4 50 20 26
G00000MJ65HQJ9_0 3 50 20 27
G00000MJ65HQJ9_0 1 1 50 20 28
G00000MJ65HQJ9_0 1 50 20 29
G00000MJ65HQJ9_0 50 20 30
G00000MJ65HQJ9_0 7 13 29 20 31
G00000MJ65HQJ9_0 1 1 1 1 2 13 29 20 31 1
G00000MJ65HQJ9_0 1 1 1 2 13 29 20 33
G00000MJ65HQJ9_0 1 1 2 13 29 20 34
G00000MJ65HQJ9_0 1 2 13 29 20 35
G00000MJ65HQJ9_0 2 13 29 20 36
G00000MJ65HQJ9_0 1 13 29 20 37
G00000MJ65HQJ9_0 13 29 20 37 1
G00000MJ65HQJ9_0 1 11 29 20 39
G00000MJ65HQJ9_0 11 29 20 40
G00000MJ65HQJ9_0 1 1 2 6 29 20 40 1
G00000MJ65HQJ9_0 1 2 6 29 20 42
G00000MJ65HQJ9_0 2 6 29 20 43
G00000MJ65HQJ9_0 1 6 29 20 44
G00000MJ65HQJ9_0 6 29 20 44 1
G00000MJ65HQJ9_0 5 29 20 46
G00000MJ65HQJ9_0 2 2 29 20 47
G00000MJ65HQJ9_0 1 2 29 20 48
G00000MJ65HQJ9_0 2 29 20 49
G00000MJ65HQJ9_0 1 29 20 50
G00000MJ65HQJ9_0 29 20 51
G00000MJ65HQJ9_0 1 27 20 52
G00000MJ65HQJ9_0 27 20 53
G00000MJ65HQJ9_0 2 24 20 54
G00000MJ65HQJ9_0 1 24 20 55
G00000MJ65HQJ9_0 24 20 56
G00000MJ65HQJ9_0 4 4 15 20 57
G00000MJ65HQJ9_0 1 1 1 4 15 20 58
G00000MJ65HQJ9_0 1 1 4 15 20 58 1
G00000MJ65HQJ9_0 1 4 15 20 60
G00000MJ65HQJ9_0 4 15 20 60 1
G00000MJ65HQJ9_0 2 1 15 20 62
G00000MJ65HQJ9_0 1 1 15 20 63
G00000MJ65HQJ9_0 1 15 20 64
G00000MJ65HQJ9_0 15 20 65
G00000MJ65HQJ9_0 1 1 2 10 20 66
G00000MJ65HQJ9_0 1 2 10 20 67
G00000MJ65HQJ9_0 2 10 20 68
G00000MJ65HQJ9_0 1 10 20 69
G00000MJ65HQJ9_0 10 20 69 1
G00000MJ65HQJ9_0 1 7 1 20 69 1 1
G00000MJ65HQJ9_0 7 1 20 69 3
G00000MJ65HQJ9_0 1 1 1 1 1 1 1 20 73
G00000MJ65HQJ9_0 1 1 1 1 1 1 20 74
G00000MJ65HQJ9_0 1 1 1 1 1 20 74 1
G00000MJ65HQJ9_0 1 1 1 1 20 76
G00000MJ65HQJ9_0 1 1 1 20 77
G00000MJ65HQJ9_0 1 1 20 77 1
G00000MJ65HQJ9_0 1 20 79
G00000MJ65HQJ9_0 20 80
G00000MJ65HQJ9_0 6 2 3 8 81
G00000MJ65HQJ9_0 1 4 2 3 8 82
G00000MJ65HQJ9_0 4 2 3 8 83
G00000MJ65HQJ9_0 1 1 1 2 3 8 84
G00000MJ65HQJ9_0 1 1 2 3 8 85
G00000MJ65HQJ9_0 1 2 3 8 86
G00000MJ65HQJ9_0 2 3 8 87
G00000MJ65HQJ9_0 1 3 8 88
G00000MJ65HQJ9_0 3 8 89
G00000MJ65HQJ9_0 2 8 90
G00000MJ65HQJ9_0 1 8 91
G00000MJ65HQJ9_0 8 92
G00000MJ65HQJ9_0 1 6 93
G00000MJ65HQJ9_0 6 94
G00000MJ65HQJ9_0 2 1 1 1 95
G00000MJ65HQJ9_0 1 1 1 1 96
G00000MJ65HQJ9_0 1 1 1 97
G00000MJ65HQJ9_0 1 1 98
G00000MJ65HQJ9_0 1 98 1
G00000MJ65HQJ9_0 100
G00000MJ65HQJ9_0 5 31 7 25 32
G00000MJ65HQJ9_0 1 3 31 7 25 33
G00000MJ65HQJ9_0 3 31 7 25 33 1
G00000MJ65HQJ9_0 1 1 31 7 25 33 1 1
G00000MJ65HQJ9_0 1 31 7 25 33 3
G00000MJ65HQJ9_0 31 7 25 33 3 1
G00000MJ65HQJ9_0 2 1 10 11 6 7 25 33 5
G00000MJ65HQJ9_0 1 1 10 11 6 7 25 33 6
G00000MJ65HQJ9_0 1 10 11 6 7 25 33 6 1
G00000MJ65HQJ9_0 10 11 6 7 25 33 6 1 1
G00000MJ65HQJ9_0 1 2 3 3 11 6 7 25 33 6 3
G00000MJ65HQJ9_0 2 3 3 11 6 7 25 33 6 4
G00000MJ65HQJ9_0 1 3 3 11 6 7 25 33 6 5
G00000MJ65HQJ9_0 3 3 11 6 7 25 33 6 6
G00000MJ65HQJ9_0 2 3 11 6 7 25 33 6 7
G00000MJ65HQJ9_0 1 3 11 6 7 25 33 6 8
G00000MJ65HQJ9_0 3 11 6 7 25 33 6 9
G00000MJ65HQJ9_0 1 1 11 6 7 25 33 6 10
G00000MJ65HQJ9_0 1 11 6 7 25 33 6 11
G00000MJ65HQJ9_0 11 6 7 25 33 6 11 1
G00000MJ65HQJ9_0 1 1 1 7 6 7 25 33 6 13
G00000MJ65HQJ9_0 1 1 7 6 7 25 33 6 14
G00000MJ65HQJ9_0 1 7 6 7 25 33 6 14 1
G00000MJ65HQJ9_0 7 6 7 25 33 6 16
G00000MJ65HQJ9_0 1 1 4 6 7 25 33 6 17
G00000MJ65HQJ9_0 1 4 6 7 25 33 6 17 1
G00000MJ65HQJ9_0 4 6 7 25 33 6 19
G00000MJ65HQJ9_0 3 6 7 25 33 6 19 1
G00000MJ65HQJ9_0 2 6 7 25 33 6 19 1 1
G00000MJ65HQJ9_0 1 6 7 25 33 6 22
G00000MJ65HQJ9_0 6 7 25 33 6 22 1
G00000MJ65HQJ9_0 4 1 7 25 33 6 24
G00000MJ65HQJ9_0 1 2 1 7 25 33 6 25
G00000MJ65HQJ9_0 2 1 7 25 33 6 25 1
G00000MJ65HQJ9_0 1 1 7 25 33 6 27
G00000MJ65HQJ9_0 1 7 25 33 6 28
G00000MJ65HQJ9_0 7 25 33 6 29
G00000MJ65HQJ9_0 2 4 25 33 6 30
G00000MJ65HQJ9_0 1 4 25 33 6 31
G00000MJ65HQJ9_0 4 25 33 6 32
G00000MJ65HQJ9_0 1 1 1 25 33 6 33
G00000MJ65HQJ9_0 1 1 25 33 6 34
G00000MJ65HQJ9_0 1 25 33 6 35
G00000MJ65HQJ9_0 25 33 6 35 1
G00000MJ65HQJ9_0 13 11 33 6 37
G00000MJ65HQJ9_0 2 5 5 11 33 6 38
G00000MJ65HQJ9_0 1 5 5 11 33 6 39
G00000MJ65HQJ9_0 5 5 11 33 6 40
G00000MJ65HQJ9_0 2 2 5 11 33 6 41
G00000MJ65HQJ9_0 1 2 5 11 33 6 42
G00000MJ65HQJ9_0 2 5 11 33 6 43
G00000MJ65HQJ9_0 1 5 11 33 6 44
G00000MJ65HQJ9_0 5 11 33 6 45
G00000MJ65HQJ9_0 4 11 33 6 46
G00000MJ65HQJ9_0 1 2 11 33 6 46 1
G00000MJ65HQJ9_0 2 11 33 6 48
G00000MJ65HQJ9_0 1 11 33 6 49
G00000MJ65HQJ9_0 11 33 6 50
G00000MJ65HQJ9_0 1 9 33 6 50 1
G00000MJ65HQJ9_0 9 33 6 52
G00000MJ65HQJ9_0 6 1 1 33 6 53
G00000MJ65HQJ9_0 5 1 1 33 6 54
G00000MJ65HQJ9_0 4 1 1 33 6 55
G00000MJ65HQJ9_0 3 1 1 33 6 56
G00000MJ65HQJ9_0 2 1 1 33 6 57
G00000MJ65HQJ9_0 1 1 1 33 6 58
G00000MJ65HQJ9_0 1 1 33 6 59
G00000MJ65HQJ9_0 1 33 6 60
G00000MJ65HQJ9_0 33 6 61
G00000MJ65HQJ9_0 4 28 6 61 1
G00000MJ65HQJ9_0 1 1 1 28 6 63
G00000MJ65HQJ9_0 1 1 28 6 64
G00000MJ65HQJ9_0 1 28 6 65
G00000MJ65HQJ9_0 28 6 66
G00000MJ65HQJ9_0 2 25 6 67
G00000MJ65HQJ9_0 1 25 6 68
G00000MJ65HQJ9_0 25 6 69
G00000MJ65HQJ9_0 2 18 4 6 69 1
G00000MJ65HQJ9_0 1 18 4 6 69 1 1
G00000MJ65HQJ9_0 18 4 6 72
G00000MJ65HQJ9_0 17 4 6 73
G00000MJ65HQJ9_0 16 4 6 74
G00000MJ65HQJ9_0 15 4 6 75
G00000MJ65HQJ9_0 14 4 6 76
G00000MJ65HQJ9_0 2 11 4 6 77
G00000MJ65HQJ9_0 1 11 4 6 78
G00000MJ65HQJ9_0 11 4 6 79
G00000MJ65HQJ9_0 5 5 4 6 80
G00000MJ65HQJ9_0 1 1 1 1 5 4 6 80 1
G00000MJ65HQJ9_0 1 1 1 5 4 6 82
G00000MJ65HQJ9_0 1 1 5 4 6 82 1
G00000MJ65HQJ9_0 1 5 4 6 84
G00000MJ65HQJ9_0 5 4 6 84 1
G00000MJ65HQJ9_0 1 3 4 6 86
G00000MJ65HQJ9_0 3 4 6 87
G00000MJ65HQJ9_0 1 1 4 6 88
G00000MJ65HQJ9_0 1 4 6 89
G00000MJ65HQJ9_0 4 6 89 1
G00000MJ65HQJ9_0 1 2 6 91
G00000MJ65HQJ9_0 2 6 91 1
G00000MJ65HQJ9_0 1 6 91 1 1
G00000MJ65HQJ9_0 6 94
G00000MJ65HQJ9_0 5 95
G00000MJ65HQJ9_0 1 3 96
G00000MJ65HQJ9_0 3 96 1
G00000MJ65HQJ9_0 1 1 98
G00000MJ65HQJ9_0 1 99
G00000MJ65HQJ9_0 99 1
G00000MJ65HQJ9_0 18 50 30 1 1
G00000MJ65HQJ9_0 5 2 1 1 3 3 2 50 30 3
G00000MJ65HQJ9_0 4 2 1 1 3 3 2 50 30 4
G00000MJ65HQJ9_0 3 2 1 1 3 3 2 50 30 5
G00000MJ65HQJ9_0 2 2 1 1 3 3 2 50 30 6
G00000MJ65HQJ9_0 1 2 1 1 3 3 2 50 30 6 1
G00000MJ65HQJ9_0 2 1 1 3 3 2 50 30 8
G00000MJ65HQJ9_0 1 1 1 3 3 2 50 30 8 1
G00000MJ65HQJ9_0 1 1 3 3 2 50 30 10
G00000MJ65HQJ9_0 1 3 3 2 50 30 11
G00000MJ65HQJ9_0 3 3 2 50 30 12
G00000MJ65HQJ9_0 1 1 3 2 50 30 13
G00000MJ65HQJ9_0 1 3 2 50 30 14
G00000MJ65HQJ9_0 3 2 50 30 14 1
G00000MJ65HQJ9_0 1 1 2 50 30 14 1 1
G00000MJ65HQJ9_0 1 2 50 30 14 1 1 1
G00000MJ65HQJ9_0 2 50 30 14 4
G00000MJ65HQJ9_0 1 50 30 14 5
G00000MJ65HQJ9_0 50 30 14 6
G00000MJ65HQJ9_0 2 47 30 14 7
G00000MJ65HQJ9_0 1 47 30 14 8
G00000MJ65HQJ9_0 47 30 14 8 1
G00000MJ65HQJ9_0 1 1 10 34 30 14 8 1 1
G00000MJ65HQJ9_0 1 10 34 30 14 11
G00000MJ65HQJ9_0 10 34 30 14 12
G00000MJ65HQJ9_0 1 2 5 1 34 30 14 13
G00000MJ65HQJ9_0 2 5 1 34 30 14 14
G00000MJ65HQJ9_0 1 5 1 34 30 14 15
G00000MJ65HQJ9_0 5 1 34 30 14 16
G00000MJ65HQJ9_0 4 1 34 30 14 17
G00000MJ65HQJ9_0 1 1 1 1 34 30 14 18
G00000MJ65HQJ9_0 1 1 1 34 30 14 19
G00000MJ65HQJ9_0 1 1 34 30 14 20
G00000MJ65HQJ9_0 1 34 30 14 21
G00000MJ65HQJ9_0 34 30 14 22
G00000MJ65HQJ9_0 3 7 23 30 14 23
G00000MJ65HQJ9_0 2 7 23 30 14 24
G00000MJ65HQJ9_0 1 7 23 30 14 25
G00000MJ65HQJ9_0 7 23 30 14 25 1
G00000MJ65HQJ9_0 6 23 30 14 25 1 1
G00000MJ65HQJ9_0 5 23 30 14 25 1 1 1
G00000MJ65HQJ9_0 4 23 30 14 25 4
G00000MJ65HQJ9_0 3 23 30 14 25 4 1
G00000MJ65HQJ9_0 1 1 23 30 14 25 6
G00000MJ65HQJ9_0 1 23 30 14 25 6 1
G00000MJ65HQJ9_0 23 30 14 25 8
G00000MJ65HQJ9_0 3 19 30 14 25 9
G00000MJ65HQJ9_0 1 1 19 30 14 25 10
G00000MJ65HQJ9_0 1 19 30 14 25 11
G00000MJ65HQJ9_0 19 30 14 25 12
G00000MJ65HQJ9_0 1 7 1 1 8 30 14 25 13
G00000MJ65HQJ9_0 7 1 1 8 30 14 25 14
G00000MJ65HQJ9_0 6 1 1 8 30 14 25 15
G00000MJ65HQJ9_0 5 1 1 8 30 14 25 16
G00000MJ65HQJ9_0 4 1 1 8 30 14 25 17
G00000MJ65HQJ9_0 3 1 1 8 30 14 25 18
G00000MJ65HQJ9_0 1 1 1 1 8 30 14 25 19
G00000MJ65HQJ9_0 1 1 1 8 30 14 25 20
G00000MJ65HQJ9_0 1 1 8 30 14 25 21
G00000MJ65HQJ9_0 1 8 30 14 25 22
G00000MJ65HQJ9_0 8 30 14 25 23
G00000MJ65HQJ9_0 2 2 1 1 1 30 14 25 24
G00000MJ65HQJ9_0 1 2 1 1 1 30 14 25 25
G00000MJ65HQJ9_0 2 1 1 1 30 14 25 26
G00000MJ65HQJ9_0 1 1 1 1 30 14 25 27
G00000MJ65HQJ9_0 1 1 1 30 14 25 28
G00000MJ65HQJ9_0 1 1 30 14 25 29
G00000MJ65HQJ9_0 1 30 14 25 30
G00000MJ65HQJ9_0 30 14 25 31
G00000MJ65HQJ9_0 12 9 8 14 25 32
G00000MJ65HQJ9_0 3 2 4 2 9 8 14 25 33
G00000MJ65HQJ9_0 1 1 2 4 2 9 8 14 25 34
G00000MJ65HQJ9_0 1 2 4 2 9 8 14 25 35
G00000MJ65HQJ9_0 2 4 2 9 8 14 25 36
G00000MJ65HQJ9_0 1 4 2 9 8 14 25 37
G00000MJ65HQJ9_0 4 2 9 8 14 25 37 1
G00000MJ65HQJ9_0 3 2 9 8 14 25 39
G00000MJ65HQJ9_0 2 2 9 8 14 25 40
G00000MJ65HQJ9_0 1 2 9 8 14 25 41
G00000MJ65HQJ9_0 2 9 8 14 25 42
G00000MJ65HQJ9_0 1 9 8 14 25 43
G00000MJ65HQJ9_0 9 8 14 25 44
G00000MJ65HQJ9_0 1 5 2 8 14 25 45
G00000MJ65HQJ9_0 5 2 8 14 25 46
G00000MJ65HQJ9_0 1 1 1 1 2 8 14 25 47
G00000MJ65HQJ9_0 1 1 1 2 8 14 25 48
G00000MJ65HQJ9_0 1 1 2 8 14 25 49
G00000MJ65HQJ9_0 1 2 8 14 25 49 1
G00000MJ65HQJ9_0 2 8 14 25 51
G00000MJ65HQJ9_0 1 8 14 25 52
G00000MJ65HQJ9_0 8 14 25 53
G00000MJ65HQJ9_0 7 14 25 54
G00000MJ65HQJ9_0 1 1 1 3 14 25 55
G00000MJ65HQJ9_0 1 1 3 14 25 56
G00000MJ65HQJ9_0 1 3 14 25 56 1
G00000MJ65HQJ9_0 3 14 25 58
G00000MJ65HQJ9_0 1 1 14 25 59
G00000MJ65HQJ9_0 1 14 25 60
G00000MJ65HQJ9_0 14 25 61
G00000MJ65HQJ9_0 5 8 25 62
G00000MJ65HQJ9_0 1 3 8 25 63
G00000MJ65HQJ9_0 3 8 25 64
G00000MJ65HQJ9_0 2 8 25 65
G00000MJ65HQJ9_0 1 8 25 66
G00000MJ65HQJ9_0 8 25 67
G00000MJ65HQJ9_0 1 6 25 68
G00000MJ65HQJ9_0 6 25 69
G00000MJ65HQJ9_0 1 4 25 70
G00000MJ65HQJ9_0 4 25 71
G00000MJ65HQJ9_0 3 25 72
G00000MJ65HQJ9_0 2 25 73
G00000MJ65HQJ9_0 1 25 74
G00000MJ65HQJ9_0 25 75
G00000MJ65HQJ9_0 24 76
G00000MJ65HQJ9_0 6 17 77
G00000MJ65HQJ9_0 1 4 17 78
G00000MJ65HQJ9_0 4 17 79
G00000MJ65HQJ9_0 1 2 17 79 1
G00000MJ65HQJ9_0 2 17 81
G00000MJ65HQJ9_0 1 17 81 1
G00000MJ65HQJ9_0 17 83
G00000MJ65HQJ9_0 16 84
G00000MJ65HQJ9_0 2 3 3 7 84 1
G00000MJ65HQJ9_0 1 3 3 7 86
G00000MJ65HQJ9_0 3 3 7 87
G00000MJ65HQJ9_0 2 3 7 88
G00000MJ65HQJ9_0 1 3 7 88 1
G00000MJ65HQJ9_0 3 7 90
G00000MJ65HQJ9_0 2 7 90 1
G00000MJ65HQJ9_0 1 7 92
G00000MJ65HQJ9_0 7 93
G00000MJ65HQJ9_0 6 94
G00000MJ65HQJ9_0 5 95
G00000MJ65HQJ9_0 4 95 1
G00000MJ65HQJ9_0 3 97
G00000MJ65HQJ9_0 2 98
G00000MJ65HQJ9_0 1 98 1
G00000MJ65HQJ9_0 100
G00000MJ65HQJ9_0 100
G00000MJ65HQJ9_0 2 97 1
G00000MJ65HQJ9_0 1 97 2
G00000MJ65HQJ9_0 100
G00000MJ65HQJ9_0 1 31 42 9 17
G00000MJ65HQJ9_0 31 42 9 18
G00000MJ65HQJ9_0 2 28 42 9 18 1
G00000MJ65HQJ9_0 1 28 42 9 20
G00000MJ65HQJ9_0 28 42 9 21
G00000MJ65HQJ9_0 27 42 9 22
G00000MJ65HQJ9_0 26 42 9 23
G00000MJ65HQJ9_0 3 22 42 9 24
G00000MJ65HQJ9_0 2 22 42 9 25
G00000MJ65HQJ9_0 1 22 42 9 26
G00000MJ65HQJ9_0 22 42 9 27
G00000MJ65HQJ9_0 1 12 8 42 9 28
G00000MJ65HQJ9_0 12 8 42 9 29
G00000MJ65HQJ9_0 4 4 3 8 42 9 30
G00000MJ65HQJ9_0 3 4 3 8 42 9 31
G00000MJ65HQJ9_0 1 1 4 3 8 42 9 31 1
G00000MJ65HQJ9_0 1 4 3 8 42 9 33
G00000MJ65HQJ9_0 4 3 8 42 9 34
G00000MJ65HQJ9_0 3 3 8 42 9 35
G00000MJ65HQJ9_0 1 1 3 8 42 9 36
G00000MJ65HQJ9_0 1 3 8 42 9 37
G00000MJ65HQJ9_0 3 8 42 9 38
G00000MJ65HQJ9_0 1 1 8 42 9 39
G00000MJ65HQJ9_0 1 8 42 9 40
G00000MJ65HQJ9_0 8 42 9 41
G00000MJ65HQJ9_0 7 42 9 42
G00000MJ65HQJ9_0 6 42 9 43
G00000MJ65HQJ9_0 5 42 9 44
G00000MJ65HQJ9_0 4 42 9 45
G00000MJ65HQJ9_0 3 42 9 46
G00000MJ65HQJ9_0 2 42 9 47
G00000MJ65HQJ9_0 1 42 9 48
G00000MJ65HQJ9_0 42 9 48 1
G00000MJ65HQJ9_0 3 8 30 9 48 1 1
G00000MJ65HQJ9_0 2 8 30 9 48 1 1 1
G00000MJ65HQJ9_0 1 8 30 9 48 1 1 1 1
G00000MJ65HQJ9_0 8 30 9 48 5
G00000MJ65HQJ9_0 7 30 9 48 5 1
G00000MJ65HQJ9_0 6 30 9 48 5 1 1
G00000MJ65HQJ9_0 1 4 30 9 48 8
G00000MJ65HQJ9_0 4 30 9 48 8 1
G00000MJ65HQJ9_0 1 1 1 30 9 48 10
G00000MJ65HQJ9_0 1 1 30 9 48 11
G00000MJ65HQJ9_0 1 30 9 48 12
G00000MJ65HQJ9_0 30 9 48 12 1
G00000MJ65HQJ9_0 2 3 1 23 9 48 12 1 1
G00000MJ65HQJ9_0 1 3 1 23 9 48 15
G00000MJ65HQJ9_0 3 1 23 9 48 16
G00000MJ65HQJ9_0 1 1 1 23 9 48 17
G00000MJ65HQJ9_0 1 1 23 9 48 18
G00000MJ65HQJ9_0 1 23 9 48 19
G00000MJ65HQJ9_0 23 9 48 19 1
G00000MJ65HQJ9_0 1 10 7 4 9 48 21
G00000MJ65HQJ9_0 10 7 4 9 48 22
G00000MJ65HQJ9_0 1 1 1 1 1 1 3 7 4 9 48 22 1
G00000MJ65HQJ9_0 1 1 1 1 1 3 7 4 9 48 24
G00000MJ65HQJ9_0 1 1 1 1 3 7 4 9 48 25
G00000MJ65HQJ9_0 1 1 1 3 7 4 9 48 26
G00000MJ65HQJ9_0 1 1 3 7 4 9 48 26 1
G00000MJ65HQJ9_0 1 3 7 4 9 48 28
G00000MJ65HQJ9_0 3 7 4 9 48 29
G00000MJ65HQJ9_0 2 7 4 9 48 30
G00000MJ65HQJ9_0 1 7 4 9 48 31
G00000MJ65HQJ9_0 7 4 9 48 32
G00000MJ65HQJ9_0 2 4 4 9 48 33
G00000MJ65HQJ9_0 1 4 4 9 48 33 1
G00000MJ65HQJ9_0 4 4 9 48 33 1 1
G00000MJ65HQJ9_0 1 1 1 4 9 48 36
G00000MJ65HQJ9_0 1 1 4 9 48 37
G00000MJ65HQJ9_0 1 4 9 48 38
G00000MJ65HQJ9_0 4 9 48 39
G00000MJ65HQJ9_0 3 9 48 39 1
G00000MJ65HQJ9_0 2 9 48 39 1 1
G00000MJ65HQJ9_0 1 9 48 42
G00000MJ65HQJ9_0 9 48 43
G00000MJ65HQJ9_0 1 3 4 48 44
G00000MJ65HQJ9_0 3 4 48 45
G00000MJ65HQJ9_0 1 1 4 48 45 1
G00000MJ65HQJ9_0 1 4 48 47
G00000MJ65HQJ9_0 4 48 47 1
G00000MJ65HQJ9_0 3 48 49
G00000MJ65HQJ9_0 2 48 50
G00000MJ65HQJ9_0 1 48 51
G00000MJ65HQJ9_0 48 52
G00000MJ65HQJ9_0 1 46 53
G00000MJ65HQJ9_0 46 54
G00000MJ65HQJ9_0 3 1 6 35 55
G00000MJ65HQJ9_0 1 1 1 6 35 56
G00000MJ65HQJ9_0 1 1 6 35 56 1
G00000MJ65HQJ9_0 1 6 35 58
G00000MJ65HQJ9_0 6 35 59
G00000MJ65HQJ9_0 1 1 3 35 59 1
G00000MJ65HQJ9_0 1 3 35 61
G00000MJ65HQJ9_0 3 35 62
G00000MJ65HQJ9_0 1 1 35 63
G00000MJ65HQJ9_0 1 35 64
G00000MJ65HQJ9_0 35 65
G00000MJ65HQJ9_0 2 2 30 65 1
G00000MJ65HQJ9_0 1 2 30 65 1 1
G00000MJ65HQJ9_0 2 30 68
G00000MJ65HQJ9_0 1 30 69
G00000MJ65HQJ9_0 30 70
G00000MJ65HQJ9_0 1 9 1 1 17 70 1
G00000MJ65HQJ9_0 9 1 1 17 70 1 1
G00000MJ65HQJ9_0 1 1 6 1 1 17 73
G00000MJ65HQJ9_0 1 6 1 1 17 74
G00000MJ65HQJ9_0 6 1 1 17 75
G00000MJ65HQJ9_0 1 1 3 1 1 17 76
G00000MJ65HQJ9_0 1 3 1 1 17 76 1
G00000MJ65HQJ9_0 3 1 1 17 78
G00000MJ65HQJ9_0 1 1 1 1 17 79
G00000MJ65HQJ9_0 1 1 1 17 80
G00000MJ65HQJ9_0 1 1 17 81
G00000MJ65HQJ9_0 1 17 82
G00000MJ65HQJ9_0 17 83
G00000MJ65HQJ9_0 1 1 11 3 83 1
G00000MJ65HQJ9_0 1 11 3 85
G00000MJ65HQJ9_0 11 3 86
G00000MJ65HQJ9_0 10 3 87
G00000MJ65HQJ9_0 4 2 3 3 87 1
G00000MJ65HQJ9_0 3 2 3 3 89
G00000MJ65HQJ9_0 2 2 3 3 90
G00000MJ65HQJ9_0 1 2 3 3 91
G00000MJ65HQJ9_0 2 3 3 92
G00000MJ65HQJ9_0 1 3 3 93
G00000MJ65HQJ9_0 3 3 94
G00000MJ65HQJ9_0 2 3 95
G00000MJ65HQJ9_0 1 3 96
G00000MJ65HQJ9_0 3 97
G00000MJ65HQJ9_0 2 98
G00000MJ65HQJ9_0 1 98 1
G00000MJ65HQJ9_0 100
G00000MJ65HQJ9_0 100
G00000MJ65HQJ9_0 10 89 1
G00000MJ65HQJ9_0 2 7 91
G00000MJ65HQJ9_0 1 7 91 1
G00000MJ65HQJ9_0 7 93
G00000MJ65HQJ9_0 2 4 94
G00000MJ65HQJ9_0 1 4 95
G00000MJ65HQJ9_0 4 95 1
G00000MJ65HQJ9_0 1 2 97
G00000MJ65HQJ9_0 2 98
G00000MJ65HQJ9_0 1 99
G00000MJ65HQJ9_0 99 1
G00000MJ65HQJ9_0 9 11 6 31 41 1 1
G00000MJ65HQJ9_0 3 1 1 3 11 6 31 41 3
G00000MJ65HQJ9_0 1 1 1 1 3 11 6 31 41 4
G00000MJ65HQJ9_0 1 1 1 3 11 6 31 41 4 1
G00000MJ65HQJ9_0 1 1 3 11 6 31 41 6
G00000MJ65HQJ9_0 1 3 11 6 31 41 7
G00000MJ65HQJ9_0 3 11 6 31 41 8
G00000MJ65HQJ9_0 1 1 11 6 31 41 8 1
G00000MJ65HQJ9_0 1 11 6 31 41 10
G00000MJ65HQJ9_0 11 6 31 41 11
G00000MJ65HQJ9_0 3 7 6 31 41 12
G00000MJ65HQJ9_0 1 1 7 6 31 41 13
G00000MJ65HQJ9_0 1 7 6 31 41 13 1
G00000MJ65HQJ9_0 7 6 31 41 15
G00000MJ65HQJ9_0 1 4 1 6 31 41 15 1
G00000MJ65HQJ9_0 4 1 6 31 41 17
G00000MJ65HQJ9_0 1 1 1 1 6 31 41 18
G00000MJ65HQJ9_0 1 1 1 6 31 41 19
G00000MJ65HQJ9_0 1 1 6 31 41 20
G00000MJ65HQJ9_0 1 6 31 41 21
G00000MJ65HQJ9_0 6 31 41 22
G00000MJ65HQJ9_0 5 31 41 23
G00000MJ65HQJ9_0 4 31 41 24
G00000MJ65HQJ9_0 1 1 1 31 41 25
G00000MJ65HQJ9_0 1 1 31 41 25 1
G00000MJ65HQJ9_0 1 31 41 27
G00000MJ65HQJ9_0 31 41 27 1
G00000MJ65HQJ9_0 5 20 5 41 29
G00000MJ65HQJ9_0 1 3 20 5 41 29 1
G00000MJ65HQJ9_0 3 20 5 41 31
G00000MJ65HQJ9_0 2 20 5 41 32
G00000MJ65HQJ9_0 1 20 5 41 33
G00000MJ65HQJ9_0 20 5 41 33 1
G00000MJ65HQJ9_0 1 18 5 41 35
G00000MJ65HQJ9_0 18 5 41 36
G00000MJ65HQJ9_0 4 4 9 5 41 37
G00000MJ65HQJ9_0 1 1 1 4 9 5 41 38
G00000MJ65HQJ9_0 1 1 4 9 5 41 39
G00000MJ65HQJ9_0 1 4 9 5 41 40
G00000MJ65HQJ9_0 4 9 5 41 41
G00000MJ65HQJ9_0 2 1 9 5 41 42
G00000MJ65HQJ9_0 1 1 9 5 41 43
G00000MJ65HQJ9_0 1 9 5 41 44
G00000MJ65HQJ9_0 9 5 41 45
G00000MJ65HQJ9_0 1 1 6 5 41 46
G00000MJ65HQJ9_0 1 6 5 41 47
G00000MJ65HQJ9_0 6 5 41 48
G00000MJ65HQJ9_0 1 1 3 5 41 49
G00000MJ65HQJ9_0 1 3 5 41 50
G00000MJ65HQJ9_0 3 5 41 51
G00000MJ65HQJ9_0 2 5 41 52
G00000MJ65HQJ9_0 1 5 41 52 1
G00000MJ65HQJ9_0 5 41 54
G00000MJ65HQJ9_0 4 41 54 1
G00000MJ65HQJ9_0 1 1 1 41 56
G00000MJ65HQJ9_0 1 1 41 57
G00000MJ65HQJ9_0 1 41 58
G00000MJ65HQJ9_0 41 59
G00000MJ65HQJ9_0 40 60
G00000MJ65HQJ9_0 3 1 7 4 11 13 61
G00000MJ65HQJ9_0 2 1 7 4 11 13 61 1
G00000MJ65HQJ9_0 1 1 7 4 11 13 63
G00000MJ65HQJ9_0 1 7 4 11 13 63 1
G00000MJ65HQJ9_0 7 4 11 13 65
G00000MJ65HQJ9_0 1 2 3 4 11 13 65 1
G00000MJ65HQJ9_0 2 3 4 11 13 67
G00000MJ65HQJ9_0 1 3 4 11 13 68
G00000MJ65HQJ9_0 3 4 11 13 69
G00000MJ65HQJ9_0 2 4 11 13 70
G00000MJ65HQJ9_0 1 4 11 13 71
G00000MJ65HQJ9_0 4 11 13 72
G00000MJ65HQJ9_0 1 2 11 13 73
G00000MJ65HQJ9_0 2 11 13 74
G00000MJ65HQJ9_0 1 11 13 75
G00000MJ65HQJ9_0 11 13 76
G00000MJ65HQJ9_0 1 3 4 1 1 13 77
G00000MJ65HQJ9_0 3 4 1 1 13 78
G00000MJ65HQJ9_0 2 4 1 1 13 79
G00000MJ65HQJ9_0 1 4 1 1 13 80
G00000MJ65HQJ9_0 4 1 1 13 81
G00000MJ65HQJ9_0 3 1 1 13 82
G00000MJ65HQJ9_0 2 1 1 13 83
G00000MJ65HQJ9_0 1 1 1 13 83 1
G00000MJ65HQJ9_0 1 1 13 85
G00000MJ65HQJ9_0 1 13 86
G00000MJ65HQJ9_0 13 87
G00000MJ65HQJ9_0 1 1 2 8 88
G00000MJ65HQJ9_0 1 2 8 88 1
G00000MJ65HQJ9_0 2 8 90
G00000MJ65HQJ9_0 1 8 91
G00000MJ65HQJ9_0 8 92
G00000MJ65HQJ9_0 1 1 1 4 93
G00000MJ65HQJ9_0 1 1 4 94
G00000MJ65HQJ9_0 1 4 95
G00000MJ65HQJ9_0 4 96
G00000MJ65HQJ9_0 2 1 97
G00000MJ65HQJ9_0 1 1 97 1
G00000MJ65HQJ9_0 1 99
G00000MJ65HQJ9_0 100
G00000MJ65HQJ9_0 62 38
G00000MJ65HQJ9_0 1 1 4 7 48 39
G00000MJ65HQJ9_0 1 4 7 48 40
G00000MJ65HQJ9_0 4 7 48 41
G00000MJ65HQJ9_0 1 2 7 48 42
G00000MJ65HQJ9_0 2 7 48 42 1
G00000MJ65HQJ9_0 1 7 48 44
G00000MJ65HQJ9_0 7 48 45
G00000MJ65HQJ9_0 3 1 2 48 46
G00000MJ65HQJ9_0 2 1 2 48 47
G00000MJ65HQJ9_0 1 1 2 48 48
G00000MJ65HQJ9_0 1 2 48 49
G00000MJ65HQJ9_0 2 48 50
G00000MJ65HQJ9_0 1 48 51
G00000MJ65HQJ9_0 48 52
G00000MJ65HQJ9_0 9 27 2 9 52 1
G00000MJ65HQJ9_0 8 27 2 9 52 2
G00000MJ65HQJ9_0 7 27 2 9 55
G00000MJ65HQJ9_0 1 5 27 2 9 56
G00000MJ65HQJ9_0 5 27 2 9 57
G00000MJ65HQJ9_0 2 2 27 2 9 58
G00000MJ65HQJ9_0 1 2 27 2 9 59
G00000MJ65HQJ9_0 2 27 2 9 60
G00000MJ65HQJ9_0 1 27 2 9 61
G00000MJ65HQJ9_0 27 2 9 62
G00000MJ65HQJ9_0 1 25 2 9 63
G00000MJ65HQJ9_0 25 2 9 64
G00000MJ65HQJ9_0 1 23 2 9 64 1
G00000MJ65HQJ9_0 23 2 9 66
G00000MJ65HQJ9_0 1 1 1 19 2 9 67
G00000MJ65HQJ9_0 1 1 19 2 9 68
G00000MJ65HQJ9_0 1 19 2 9 69
G00000MJ65HQJ9_0 19 2 9 70
G00000MJ65HQJ9_0 1 1 10 6 2 9 71
G00000MJ65HQJ9_0 1 10 6 2 9 72
G00000MJ65HQJ9_0 10 6 2 9 73
G00000MJ65HQJ9_0 9 6 2 9 74
G00000MJ65HQJ9_0 2 6 6 2 9 75
G00000MJ65HQJ9_0 1 6 6 2 9 76
G00000MJ65HQJ9_0 6 6 2 9 77
G00000MJ65HQJ9_0 1 1 1 1 1 6 2 9 77 1
G00000MJ65HQJ9_0 1 1 1 1 6 2 9 77 2
G00000MJ65HQJ9_0 1 1 1 6 2 9 80
G00000MJ65HQJ9_0 1 1 6 2 9 81
G00000MJ65HQJ9_0 1 6 2 9 82
G00000MJ65HQJ9_0 6 2 9 83
G00000MJ65HQJ9_0 5 2 9 84
G00000MJ65HQJ9_0 4 2 9 84 1
G00000MJ65HQJ9_0 1 1 1 2 9 84 2
G00000MJ65HQJ9_0 1 1 2 9 87
G00000MJ65HQJ9_0 1 2 9 88
G00000MJ65HQJ9_0 2 9 89
G00000MJ65HQJ9_0 1 9 90
G00000MJ65HQJ9_0 9 91
G00000MJ65HQJ9_0 2 4 2 92
G00000MJ65HQJ9_0 1 4 2 92 1
G00000MJ65HQJ9_0 4 2 92 2
G00000MJ65HQJ9_0 3 2 95
G00000MJ65HQJ9_0 2 2 96
G00000MJ65HQJ9_0 1 2 97
G00000MJ65HQJ9_0 2 98
G00000MJ65HQJ9_0 1 98 1
G00000MJ65HQJ9_0 100
G00000MJ65HQJ9_0 1 50 25 24
G00000MJ65HQJ9_0 50 25 25
G00000MJ65HQJ9_0 10 6 1 5 27 25 26
G00000MJ65HQJ9_0 1 1 7 6 1 5 27 25 27
G00000MJ65HQJ9_0 1 7 6 1 5 27 25 28
G00000MJ65HQJ9_0 7 6 1 5 27 25 29
G00000MJ65HQJ9_0 1 1 1 3 6 1 5 27 25 30
G00000MJ65HQJ9_0 1 1 3 6 1 5 27 25 31
G00000MJ65HQJ9_0 1 3 6 1 5 27 25 32
G00000MJ65HQJ9_0 3 6 1 5 27 25 33
G00000MJ65HQJ9_0 2 6 1 5 27 25 34
G00000MJ65HQJ9_0 1 6 1 5 27 25 35
G00000MJ65HQJ9_0 6 1 5 27 25 36
G00000MJ65HQJ9_0 1 4 1 5 27 25 37
G00000MJ65HQJ9_0 4 1 5 27 25 38
G00000MJ65HQJ9_0 2 1 1 5 27 25 39
G00000MJ65HQJ9_0 1 1 1 5 27 25 39 1
G00000MJ65HQJ9_0 1 1 5 27 25 39 2
G00000MJ65HQJ9_0 1 5 27 25 39 3
G00000MJ65HQJ9_0 5 27 25 39 3 1
G00000MJ65HQJ9_0 1 3 27 25 39 5
G00000MJ65HQJ9_0 3 27 25 39 6
G00000MJ65HQJ9_0 1 1 27 25 39 7
G00000MJ65HQJ9_0 1 27 25 39 8
G00000MJ65HQJ9_0 27 25 39 9
G00000MJ65HQJ9_0 1 7 8 10 25 39 10
G00000MJ65HQJ9_0 7 8 10 25 39 11
G00000MJ65HQJ9_0 6 8 10 25 39 12
G00000MJ65HQJ9_0 5 8 10 25 39 13
G00000MJ65HQJ9_0 4 8 10 25 39 14
G00000MJ65HQJ9_0 3 8 10 25 39 15
G00000MJ65HQJ9_0 2 8 10 25 39 16
G00000MJ65HQJ9_0 1 8 10 25 39 17
G00000MJ65HQJ9_0 8 10 25 39 18
G00000MJ65HQJ9_0 1 3 1 1 1 10 25 39 19
G00000MJ65HQJ9_0 3 1 1 1 10 25 39 20
G00000MJ65HQJ9_0 1 1 1 1 1 10 25 39 21
G00000MJ65HQJ9_0 1 1 1 1 10 25 39 22
G00000MJ65HQJ9_0 1 1 1 10 25 39 23
G00000MJ65HQJ9_0 1 1 10 25 39 24
G00000MJ65HQJ9_0 1 10 25 39 25
G00000MJ65HQJ9_0 10 25 39 25 1
G00000MJ65HQJ9_0 1 4 4 25 39 27
G00000MJ65HQJ9_0 4 4 25 39 28
G00000MJ65HQJ9_0 1 2 4 25 39 29
G00000MJ65HQJ9_0 2 4 25 39 30
G00000MJ65HQJ9_0 1 4 25 39 31
G00000MJ65HQJ9_0 4 25 39 32
G00000MJ65HQJ9_0 3 25 39 33
G00000MJ65HQJ9_0 1 1 25 39 33 1
G00000MJ65HQJ9_0 1 25 39 35
G00000MJ65HQJ9_0 25 39 35 1
G00000MJ65HQJ9_0 3 2 6 13 39 35 1 1
G00000MJ65HQJ9_0 2 2 6 13 39 35 3
G00000MJ65HQJ9_0 1 2 6 13 39 35 4
G00000MJ65HQJ9_0 2 6 13 39 35 5
G00000MJ65HQJ9_0 1 6 13 39 35 6
G00000MJ65HQJ9_0 6 13 39 35 7
G00000MJ65HQJ9_0 5 13 39 35 8
G00000MJ65HQJ9_0 4 13 39 35 9
G00000MJ65HQJ9_0 3 13 39 35 9 1
G00000MJ65HQJ9_0 2 13 39 35 11
G00000MJ65HQJ9_0 1 13 39 35 12
G00000MJ65HQJ9_0 13 39 35 13
G00000MJ65HQJ9_0 2 10 39 35 14
G00000MJ65HQJ9_0 1 10 39 35 15
G00000MJ65HQJ9_0 10 39 35 16
G00000MJ65HQJ9_0 9 39 35 17
G00000MJ65HQJ9_0 3 1 1 1 2 39 35 18
G00000MJ65HQJ9_0 1 1 1 1 1 2 39 35 18 1
G00000MJ65HQJ9_0 1 1 1 1 2 39 35 20
G00000MJ65HQJ9_0 1 1 1 2 39 35 21
G00000MJ65HQJ9_0 1 1 2 39 35 22
G00000MJ65HQJ9_0 1 2 39 35 23
G00000MJ65HQJ9_0 2 39 35 24
G00000MJ65HQJ9_0 1 39 35 25
G00000MJ65HQJ9_0 39 35 26
G00000MJ65HQJ9_0 4 1 1 8 24 35 27
G00000MJ65HQJ9_0 3 1 1 8 24 35 28
G00000MJ65HQJ9_0 2 1 1 8 24 35 29
G00000MJ65HQJ9_0 1 1 1 8 24 35 30
G00000MJ65HQJ9_0 1 1 8 24 35 30 1
G00000MJ65HQJ9_0 1 8 24 35 32
G00000MJ65HQJ9_0 8 24 35 33
G00000MJ65HQJ9_0 7 24 35 34
G00000MJ65HQJ9_0 5 1 24 35 35
G00000MJ65HQJ9_0 4 1 24 35 36
G00000MJ65HQJ9_0 3 1 24 35 37
G00000MJ65HQJ9_0 2 1 24 35 38
G00000MJ65HQJ9_0 1 1 24 35 39
G00000MJ65HQJ9_0 1 24 35 40
G00000MJ65HQJ9_0 24 35 41
G00000MJ65HQJ9_0 5 18 35 42
G00000MJ65HQJ9_0 4 18 35 43
G00000MJ65HQJ9_0 2 1 18 35 43 1
G00000MJ65HQJ9_0 1 1 18 35 45
G00000MJ65HQJ9_0 1 18 35 46
G00000MJ65HQJ9_0 18 35 47
G00000MJ65HQJ9_0 2 1 1 12 1 35 48
G00000MJ65HQJ9_0 1 1 1 12 1 35 49
G00000MJ65HQJ9_0 1 1 12 1 35 50
G00000MJ65HQJ9_0 1 12 1 35 51
G00000MJ65HQJ9_0 12 1 35 52
G00000MJ65HQJ9_0 6 1 4 1 35 53
G00000MJ65HQJ9_0 5 1 4 1 35 53 1
G00000MJ65HQJ9_0 1 3 1 4 1 35 55
G00000MJ65HQJ9_0 3 1 4 1 35 56
G00000MJ65HQJ9_0 1 1 1 4 1 35 56 1
G00000MJ65HQJ9_0 1 1 4 1 35 58
G00000MJ65HQJ9_0 1 4 1 35 58 1
G00000MJ65HQJ9_0 4 1 35 60
G00000MJ65HQJ9_0 2 1 1 35 61
G00000MJ65HQJ9_0 1 1 1 35 62
G00000MJ65HQJ9_0 1 1 35 63
G00000MJ65HQJ9_0 1 35 63 1
G00000MJ65HQJ9_0 35 65
G00000MJ65HQJ9_0 1 1 22 8 2 66
G00000MJ65HQJ9_0 1 22 8 2 67
G00000MJ65HQJ9_0 22 8 2 68
G00000MJ65HQJ9_0 2 19 8 2 69
G00000MJ65HQJ9_0 1 19 8 2 70
G00000MJ65HQJ9_0 19 8 2 71
G00000MJ65HQJ9_0 18 8 2 71 1
G00000MJ65HQJ9_0 17 8 2 71 1 1
G00000MJ65HQJ9_0 5 11 8 2 71 1 1 1
G00000MJ65HQJ9_0 4 11 8 2 71 1 1 1 1
G00000MJ65HQJ9_0 3 11 8 2 71 1 1 1 1 1
G00000MJ65HQJ9_0 2 11 8 2 71 6
G00000MJ65HQJ9_0 1 11 8 2 71 7
G00000MJ65HQJ9_0 11 8 2 71 8
G00000MJ65HQJ9_0 10 8 2 71 9
G00000MJ65HQJ9_0 9 8 2 71 10
G00000MJ65HQJ9_0 8 8 2 71 11
G00000MJ65HQJ9_0 5 2 8 2 71 12
G00000MJ65HQJ9_0 1 1 1 1 2 8 2 71 13
G00000MJ65HQJ9_0 1 1 1 2 8 2 71 13 1
G00000MJ65HQJ9_0 1 1 2 8 2 71 15
G00000MJ65HQJ9_0 1 2 8 2 71 16
G00000MJ65HQJ9_0 2 8 2 71 16 1
G00000MJ65HQJ9_0 1 8 2 71 18
G00000MJ65HQJ9_0 8 2 71 19
G00000MJ65HQJ9_0 1 6 2 71 20
G00000MJ65HQJ9_0 6 2 71 21
G00000MJ65HQJ9_0 5 2 71 21 1
G00000MJ65HQJ9_0 1 1 1 1 2 71 23
G00000MJ65HQJ9_0 1 1 1 2 71 24
G00000MJ65HQJ9_0 1 1 2 71 24 1
G00000MJ65HQJ9_0 1 2 71 26
G00000MJ65HQJ9_0 2 71 26 1
G00000MJ65HQJ9_0 1 71 28
G00000MJ65HQJ9_0 71 28 1
G00000MJ65HQJ9_0 8 62 30
G00000MJ65HQJ9_0 1 1 4 1 62 31
G00000MJ65HQJ9_0 1 4 1 62 32
G00000MJ65HQJ9_0 4 1 62 33
G00000MJ65HQJ9_0 3 1 62 33 1
G00000MJ65HQJ9_0 1 1 1 62 35
G00000MJ65HQJ9_0 1 1 62 36
G00000MJ65HQJ9_0 1 62 37
G00000MJ65HQJ9_0 62 38
G00000MJ65HQJ9_0 8 12 13 28 39
G00000MJ65HQJ9_0 7 12 13 28 40
G00000MJ65HQJ9_0 6 12 13 28 40 1
G00000MJ65HQJ9_0 5 12 13 28 42
G00000MJ65HQJ9_0 1 3 12 13 28 43
G00000MJ65HQJ9_0 3 12 13 28 44
G00000MJ65HQJ9_0 1 1 12 13 28 45
G00000MJ65HQJ9_0 1 12 13 28 46
G00000MJ65HQJ9_0 12 13 28 47
G00000MJ65HQJ9_0 1 1 9 13 28 47 1
G00000MJ65HQJ9_0 1 9 13 28 49
G00000MJ65HQJ9_0 9 13 28 49 1
G00000MJ65HQJ9_0 6 2 13 28 51
G00000MJ65HQJ9_0 1 4 2 13 28 51 1
G00000MJ65HQJ9_0 4 2 13 28 53
G00000MJ65HQJ9_0 1 1 1 2 13 28 54
G00000MJ65HQJ9_0 1 1 2 13 28 55
G00000MJ65HQJ9_0 1 2 13 28 56
G00000MJ65HQJ9_0 2 13 28 57
G00000MJ65HQJ9_0 1 13 28 57 1
G00000MJ65HQJ9_0 13 28 59
G00000MJ65HQJ9_0 1 3 8 28 60
G00000MJ65HQJ9_0 3 8 28 61
G00000MJ65HQJ9_0 1 1 8 28 62
G00000MJ65HQJ9_0 1 8 28 62 1
G00000MJ65HQJ9_0 8 28 64
G00000MJ65HQJ9_0 7 28 64 1
G00000MJ65HQJ9_0 6 28 66
G00000MJ65HQJ9_0 5 28 67
G00000MJ65HQJ9_0 4 28 68
G00000MJ65HQJ9_0 1 2 28 69
G00000MJ65HQJ9_0 2 28 69 1
G00000MJ65HQJ9_0 1 28 71
G00000MJ65HQJ9_0 28 72
G00000MJ65HQJ9_0 9 3 2 5 8 73
G00000MJ65HQJ9_0 8 3 2 5 8 74
G00000MJ65HQJ9_0 7 3 2 5 8 75
G00000MJ65HQJ9_0 1 1 4 3 2 5 8 75 1
G00000MJ65HQJ9_0 1 4 3 2 5 8 77
G00000MJ65HQJ9_0 4 3 2 5 8 78
G00000MJ65HQJ9_0 1 1 1 3 2 5 8 79
G00000MJ65HQJ9_0 1 1 3 2 5 8 80
G00000MJ65HQJ9_0 1 3 2 5 8 81
G00000MJ65HQJ9_0 3 2 5 8 82
G00000MJ65HQJ9_0 2 2 5 8 83
G00000MJ65HQJ9_0 1 2 5 8 84
G00000MJ65HQJ9_0 2 5 8 85
G00000MJ65HQJ9_0 1 5 8 86
G00000MJ65HQJ9_0 5 8 87
G00000MJ65HQJ9_0 4 8 87 1
G00000MJ65HQJ9_0 1 2 8 89
G00000MJ65HQJ9_0 2 8 89 1
G00000MJ65HQJ9_0 1 8 91
G00000MJ65HQJ9_0 8 92
G00000MJ65HQJ9_0 7 93
G00000MJ65HQJ9_0 6 93 1
G00000MJ65HQJ9_0 1 4 93 1 1
G00000MJ65HQJ9_0 4 96
G00000MJ65HQJ9_0 1 1 1 97
G00000MJ65HQJ9_0 1 1 98
G00000MJ65HQJ9_0 1 98 1
G00000MJ65HQJ9_0 98 1 1
G00000MJ65HQJ9_0 97 1 1 1
G00000MJ65HQJ9_0 96 4
G00000MJ65HQJ9_0 90 5 5
G00000MJ65HQJ9_0 9 3 5 66 6 5 6
G00000MJ65HQJ9_0 1 1 3 2 1 3 5 66 6 5 7
G00000MJ65HQJ9_0 1 3 2 1 3 5 66 6 5 8
G00000MJ65HQJ9_0 3 2 1 3 5 66 6 5 8 1
G00000MJ65HQJ9_0 1 1 2 1 3 5 66 6 5 8 1 1
G00000MJ65HQJ9_0 1 2 1 3 5 66 6 5 11
G00000MJ65HQJ9_0 2 1 3 5 66 6 5 12
G00000MJ65HQJ9_0 1 1 3 5 66 6 5 13
G00000MJ65HQJ9_0 1 3 5 66 6 5 14
G00000MJ65HQJ9_0 3 5 66 6 5 15
G00000MJ65HQJ9_0 1 1 5 66 6 5 16
G00000MJ65HQJ9_0 1 5 66 6 5 17
G00000MJ65HQJ9_0 5 66 6 5 18
G00000MJ65HQJ9_0 2 2 66 6 5 18 1
G00000MJ65HQJ9_0 1 2 66 6 5 20
G00000MJ65HQJ9_0 2 66 6 5 21
G00000MJ65HQJ9_0 1 66 6 5 21 1
G00000MJ65HQJ9_0 66 6 5 23
G00000MJ65HQJ9_0 1 1 2 21 10 7 23 6 5 24
G00000MJ65HQJ9_0 1 2 21 10 7 23 6 5 25
G00000MJ65HQJ9_0 2 21 10 7 23 6 5 25 1
G00000MJ65HQJ9_0 1 21 10 7 23 6 5 27
G00000MJ65HQJ9_0 21 10 7 23 6 5 28
G00000MJ65HQJ9_0 1 5 14 10 7 23 6 5 29
G00000MJ65HQJ9_0 5 14 10 7 23 6 5 30
G00000MJ65HQJ9_0 1 2 1 14 10 7 23 6 5 31
G00000NNXZCK1H_0 1 7 45 46 1
G00000NNXZCK1H_0 7 45 48
G00000NNXZCK1H_0 2 4 45 49
G00000NNXZCK1H_0 1 4 45 50
G00000NNXZCK1H_0 4 45 51
G00000NNXZCK1H_0 1 1 1 45 52
G00000NNXZCK1H_0 1 1 45 52 1
G00000NNXZCK1H_0 1 45 52 1 1
G00000NNXZCK1H_0 45 52 3
G00000NNXZCK1H_0 6 38 52 3 1
G00000NNXZCK1H_0 1 3 1 38 52 3 1 1
G00000NNXZCK1H_0 3 1 38 52 3 3
G00000NNXZCK1H_0 2 1 38 52 7
G00000NNXZCK1H_0 1 1 38 52 8
G00000NNXZCK1H_0 1 38 52 9
G00000NNXZCK1H_0 38 52 10
G00000NNXZCK1H_0 1 36 52 10 1
G00000NNXZCK1H_0 36 52 12
G00000NNXZCK1H_0 5 30 52 13
G00000NNXZCK1H_0 4 30 52 14
G00000NNXZCK1H_0 3 30 52 15
G00000NNXZCK1H_0 2 30 52 15 1
G00000NNXZCK1H_0 1 30 52 17
G00000NNXZCK1H_0 30 52 18
G00000NNXZCK1H_0 9 4 1 15 52 19
G00000NNXZCK1H_0 2 3 3 4 1 15 52 20
G00000NNXZCK1H_0 1 3 3 4 1 15 52 21
G00000NNXZCK1H_0 3 3 4 1 15 52 21 1
G00000NNXZCK1H_0 2 3 4 1 15 52 23
G00000NNXZCK1H_0 1 3 4 1 15 52 24
G00000NNXZCK1H_0 3 4 1 15 52 25
G00000NNXZCK1H_0 1 1 4 1 15 52 26
G00000NNXZCK1H_0 1 4 1 15 52 27
G00000NNXZCK1H_0 4 1 15 52 27 1
G00000NNXZCK1H_0 3 1 15 52 29
G00000NNXZCK1H_0 2 1 15 52 30
G00000NNXZCK1H_0 1 1 15 52 30 1
G00000NNXZCK1H_0 1 15 52 30 1 1
G00000NNXZCK1H_0 15 52 30 1 1 1
G00000NNXZCK1H_0 2 1 11 52 30 1 1 1 1
G00000NNXZCK1H_0 1 1 11 52 30 5
G00000NNXZCK1H_0 1 11 52 30 6
G00000NNXZCK1H_0 11 52 30 7
G00000NNXZCK1H_0 1 5 4 52 30 8
G00000NNXZCK1H_0 5 4 52 30 9
G00000NNXZCK1H_0 2 1 1 4 52 30 9 1
G00000NNXZCK1H_0 1 1 1 4 52 30 9 1 1
G00000NNXZCK1H_0 1 1 4 52 30 12
G00000NNXZCK1H_0 1 4 52 30 12 1
G00000NNXZCK1H_0 4 52 30 14
G00000NNXZCK1H_0 3 52 30 14 1
G00000NNXZCK1H_0 2 52 30 14 1 1
G00000NNXZCK1H_0 1 52 30 14 1 1 1
G00000NNXZCK1H_0 52 30 18
G00000NNXZCK1H_0 10 41 30 19
G00000NNXZCK1H_0 1 6 2 41 30 20
G00000NNXZCK1H_0 6 2 41 30 21
G00000NNXZCK1H_0 2 3 2 41 30 22
G00000NNXZCK1H_0 1 3 2 41 30 23
G00000NNXZCK1H_0 3 2 41 30 23 1
G00000NNXZCK1H_0 2 2 41 30 25
G00000NNXZCK1H_0 1 2 41 30 26
G00000NNXZCK1H_0 2 41 30 27
G00000NNXZCK1H_0 1 41 30 28
G00000NNXZCK1H_0 41 30 29
G00000NNXZCK1H_0 2 2 10 26 30 30
G00000NNXZCK1H_0 1 2 10 26 30 30 1
G00000NNXZCK1H_0 2 10 26 30 32
G00000NNXZCK1H_0 1 10 26 30 33
G00000NNXZCK1H_0 10 26 30 33 1
G00000NNXZCK1H_0 9 26 30 35
G00000NNXZCK1H_0 8 26 30 36
G00000NNXZCK1H_0 5 2 26 30 37
G00000NNXZCK1H_0 1 3 2 26 30 38
G00000NNXZCK1H_0 3 2 26 30 39
G00000NNXZCK1H_0 1 1 2 26 30 40
G00000NNXZCK1H_0 1 2 26 30 40 1
G00000NNXZCK1H_0 2 26 30 42
G00000NNXZCK1H_0 1 26 30 43
G00000NNXZCK1H_0 26 30 44
G00000NNXZCK1H_0 1 24 30 45
G00000NNXZCK1H_0 24 30 46
G00000NNXZCK1H_0 1 1 8 13 30 47
G00000NNXZCK1H_0 1 8 13 30 48
G00000NNXZCK1H_0 8 13 30 49
G00000NNXZCK1H_0 1 1 2 3 13 30 50
G00000NNXZCK1H_0 1 2 3 13 30 51
G00000NNXZCK1H_0 2 3 13 30 52
G00000NNXZCK1H_0 1 3 13 30 53
G00000NNXZCK1H_0 3 13 30 53 1
G00000NNXZCK1H_0 2 13 30 55
G00000NNXZCK1H_0 1 13 30 55 1
G00000NNXZCK1H_0 13 30 57
G00000NNXZCK1H_0 6 6 30 58
G00000NNXZCK1H_0 5 6 30 58 1
G00000NNXZCK1H_0 1 3 6 30 60
G00000NNXZCK1H_0 3 6 30 60 1
G00000NNXZCK1H_0 2 6 30 60 1 1
G00000NNXZCK1H_0 1 6 30 63
G00000NNXZCK1H_0 6 30 64
G00000NNXZCK1H_0 1 3 1 30 65
G00000NNXZCK1H_0 3 1 30 66
G00000NNXZCK1H_0 1 1 1 30 67
G00000NNXZCK1H_0 1 1 30 68
G00000NNXZCK1H_0 1 30 69
G00000NNXZCK1H_0 30 70
G00000NNXZCK1H_0 2 27 70 1
G00000NNXZCK1H_0 1 27 72
G00000NNXZCK1H_0 27 72 1
G00000NNXZCK1H_0 11 6 9 74
G00000NNXZCK1H_0 3 1 1 5 6 9 75
G00000NNXZCK1H_0 1 1 1 1 5 6 9 76
G00000NNXZCK1H_0 1 1 1 5 6 9 76 1
G00000NNXZCK1H_0 1 1 5 6 9 78
G00000NNXZCK1H_0 1 5 6 9 79
G00000NNXZCK1H_0 5 6 9 80
G00000NNXZCK1H_0 2 2 6 9 81
G00000NNXZCK1H_0 1 2 6 9 82
G00000NNXZCK1H_0 2 6 9 83
G00000NNXZCK1H_0 1 6 9 84
G00000NNXZCK1H_0 6 9 85
G00000NNXZCK1H_0 2 3 9 86
G00000NNXZCK1H_0 1 3 9 87
G00000NNXZCK1H_0 3 9 88
G00000NNXZCK1H_0 2 9 89
G00000NNXZCK1H_0 1 9 90
G00000NNXZCK1H_0 9 91
G00000NNXZCK1H_0 5 3 92
G00000NNXZCK1H_0 4 3 93
G00000NNXZCK1H_0 3 3 94
G00000NNXZCK1H_0 2 3 95
G00000NNXZCK1H_0 1 3 96
G00000NNXZCK1H_0 3 97
G00000NNXZCK1H_0 2 97 1
G00000NNXZCK1H_0 1 99
G00000NNXZCK1H_0 100
G00000NNXZCK1H_0 13 87
G00000NNXZCK1H_0 7 5 88
G00000NNXZCK1H_0 6 5 89
G00000NNXZCK1H_0 1 4 5 90
G00000NNXZCK1H_0 4 5 91
G00000NNXZCK1H_0 1 1 1 5 92
G00000NNXZCK1H_0 1 1 5 92 1
G00000NNXZCK1H_0 1 5 94
G00000NNXZCK1H_0 5 95
G00000NNXZCK1H_0 4 96
G00000NNXZCK1H_0 1 2 97
G00000NNXZCK1H_0 2 98
G00000NNXZCK1H_0 1 99
G00000NNXZCK1H_0 100
G00000NNXZCK1H_0 45 54 1
G00000NNXZCK1H_0 7 17 15 5 54 1 1
G00000NNXZCK1H_0 1 3 2 17 15 5 57
G00000NNXZCK1H_0 3 2 17 15 5 58
G00000NNXZCK1H_0 2 2 17 15 5 59
G00000NNXZCK1H_0 1 2 17 15 5 60
G00000NNXZCK1H_0 2 17 15 5 61
G00000NNXZCK1H_0 1 17 15 5 62
G00000NNXZCK1H_0 17 15 5 63
G00000NNXZCK1H_0 6 3 7 15 5 64
G00000NNXZCK1H_0 1 4 3 7 15 5 65
G00000NNXZCK1H_0 4 3 7 15 5 66
G00000NNXZCK1H_0 1 1 1 3 7 15 5 66 1
G00000NNXZCK1H_0 1 1 3 7 15 5 68
G00000NNXZCK1H_0 1 3 7 15 5 69
G00000NNXZCK1H_0 3 7 15 5 70
G00000NNXZCK1H_0 1 1 7 15 5 70 1
G00000NNXZCK1H_0 1 7 15 5 72
G00000NNXZCK1H_0 7 15 5 73
G00000NNXZCK1H_0 3 3 15 5 74
G00000NNXZCK1H_0 2 3 15 5 75
G00000NNXZCK1H_0 1 3 15 5 76
G00000NNXZCK1H_0 3 15 5 77
G00000NNXZCK1H_0 1 1 15 5 78
G00000NNXZCK1H_0 1 15 5 79
G00000NNXZCK1H_0 15 5 80
G00000NNXZCK1H_0 10 1 1 2 5 81
G00000NNXZCK1H_0 9 1 1 2 5 81 1
G00000NNXZCK1H_0 8 1 1 2 5 83
G00000NNXZCK1H_0 7 1 1 2 5 84
G00000NNXZCK1H_0 6 1 1 2 5 85
G00000NNXZCK1H_0 1 4 1 1 2 5 86
G00000NNXZCK1H_0 4 1 1 2 5 87
G00000NNXZCK1H_0 1 1 1 1 1 2 5 88
G00000NNXZCK1H_0 1 1 1 1 2 5 89
G00000NNXZCK1H_0 1 1 1 2 5 90
G00000NNXZCK1H_0 1 1 2 5 91
G00000NNXZCK1H_0 1 2 5 92
G00000NNXZCK1H_0 2 5 93
G00000NNXZCK1H_0 1 5 94
G00000NNXZCK1H_0 5 95
G00000NNXZCK1H_0 1 1 2 96
G00000NNXZCK1H_0 1 2 97
G00000NNXZCK1H_0 2 98
G00000NNXZCK1H_0 1 99
G00000NNXZCK1H_0 100
G00000NNXZCK1H_0 9 44 47
G00000NNXZCK1H_0 8 44 48
G00000NNXZCK1H_0 1 6 44 49
G00000NNXZCK1H_0 6 44 50
G00000NNXZCK1H_0 1 3 1 44 51
G00000NNXZCK1H_0 3 1 44 52
G00000NNXZCK1H_0 2 1 44 53
G00000NNXZCK1H_0 1 1 44 53 1
G00000NNXZCK1H_0 1 44 55
G00000NNXZCK1H_0 44 56
G00000NNXZCK1H_0 1 42 57
G00000NNXZCK1H_0 42 58
G00000NNXZCK1H_0 1 2 21 9 8 59
G00000NNXZCK1H_0 2 21 9 8 59 1
G00000NNXZCK1H_0 1 21 9 8 61
G00000NNXZCK1H_0 21 9 8 62
G00000NNXZCK1H_0 1 5 8 5 1 9 8 63
G00000NNXZCK1H_0 5 8 5 1 9 8 64
G00000NNXZCK1H_0 4 8 5 1 9 8 65
G00000NNXZCK1H_0 1 1 1 8 5 1 9 8 66
G00000NNXZCK1H_0 1 1 8 5 1 9 8 67
G00000NNXZCK1H_0 1 8 5 1 9 8 68
G00000NNXZCK1H_0 8 5 1 9 8 68 1
G00000NNXZCK1H_0 7 5 1 9 8 70
G00000NNXZCK1H_0 6 5 1 9 8 71
G00000NNXZCK1H_0 3 1 1 5 1 9 8 72
G00000NNXZCK1H_0 1 1 1 1 5 1 9 8 73
G00000NNXZCK1H_0 1 1 1 5 1 9 8 74
G00000NNXZCK1H_0 1 1 5 1 9 8 75
G00000NNXZCK1H_0 1 5 1 9 8 75 1
G00000NNXZCK1H_0 5 1 9 8 77
G00000NNXZCK1H_0 4 1 9 8 78
G00000NNXZCK1H_0 3 1 9 8 79
G00000NNXZCK1H_0 2 1 9 8 79 1
G00000NNXZCK1H_0 1 1 9 8 81
G00000NNXZCK1H_0 1 9 8 81 1
G00000NNXZCK1H_0 9 8 83
G00000NNXZCK1H_0 1 7 8 84
G00000NNXZCK1H_0 7 8 84 1
G00000NNXZCK1H_0 6 8 86
G00000NNXZCK1H_0 2 3 8 87
G00000NNXZCK1H_0 1 3 8 88
G00000NNXZCK1H_0 3 8 89
G00000NNXZCK1H_0 2 8 90
G00000NNXZCK1H_0 1 8 91
G00000NNXZCK1H_0 8 91 1
G00000NNXZCK1H_0 3 1 3 91 1 1
G00000NNXZCK1H_0 2 1 3 91 3
G00000NNXZCK1H_0 1 1 3 91 4
G00000NNXZCK1H_0 1 3 91 5
G00000NNXZCK1H_0 3 91 6
G00000NNXZCK1H_0 2 91 7
G00000NNXZCK1H_0 1 91 7 1
G00000NNXZCK1H_0 91 9
G00000NNXZCK1H_0 15 37 38 10
G00000NNXZCK1H_0 1 1 1 5 1 1 4 37 38 11
G00000NNXZCK1H_0 1 1 5 1 1 4 37 38 12
G00000NNXZCK1H_0 1 5 1 1 4 37 38 13
G00000NNXZCK1H_0 5 1 1 4 37 38 14
G00000NNXZCK1H_0 2 2 1 1 4 37 38 15
G00000NNXZCK1H_0 1 2 1 1 4 37 38 16
G00000NNXZCK1H_0 2 1 1 4 37 38 17
G00000NNXZCK1H_0 1 1 1 4 37 38 18
G00000NNXZCK1H_0 1 1 4 37 38 19
G00000NNXZCK1H_0 1 4 37 38 20
G00000NNXZCK1H_0 4 37 38 21
G00000NNXZCK1H_0 1 2 37 38 22
G00000NNXZCK1H_0 2 37 38 23
G00000NNXZCK1H_0 1 37 38 23 1
G00000NNXZCK1H_0 37 38 25
G00000NNXZCK1H_0 1 7 1 1 26 38 26
G00000NNXZCK1H_0 7 1 1 26 38 27
G00000NNXZCK1H_0 6 1 1 26 38 28
G00000NNXZCK1H_0 1 1 3 1 1 26 38 28 1
G00000NNXZCK1H_0 1 3 1 1 26 38 30
G00000NNXZCK1H_0 3 1 1 26 38 31
G00000NNXZCK1H_0 1 1 1 1 26 38 32
G00000NNXZCK1H_0 1 1 1 26 38 33
G00000NNXZCK1H_0 1 1 26 38 34
G00000NNXZCK1H_0 1 26 38 35
G00000NNXZCK1H_0 26 38 36
G00000NNXZCK1H_0 1 1 17 6 38 37
G00000NNXZCK1H_0 1 17 6 38 38
G00000NNXZCK1H_0 17 6 38 39
G00000NNXZCK1H_0 3 9 2 2 6 38 39 1
G00000NNXZCK1H_0 1 1 9 2 2 6 38 41
G00000NNXZCK1H_0 1 9 2 2 6 38 42
G00000NNXZCK1H_0 9 2 2 6 38 43
G00000NNXZCK1H_0 2 1 1 1 3 2 2 6 38 44
G00000NNXZCK1H_0 1 1 1 1 3 2 2 6 38 45
G00000NNXZCK1H_0 1 1 1 3 2 2 6 38 45 1
G00000NNXZCK1H_0 1 1 3 2 2 6 38 47
G00000NNXZCK1H_0 1 3 2 2 6 38 48
G00000NNXZCK1H_0 3 2 2 6 38 48 1
G00000NNXZCK1H_0 1 1 2 2 6 38 50
G00000NNXZCK1H_0 1 2 2 6 38 51
G00000NNXZCK1H_0 2 2 6 38 51 1
G00000NNXZCK1H_0 1 2 6 38 53
G00000NNXZCK1H_0 2 6 38 54
G00000NNXZCK1H_0 1 6 38 55
G00000NNXZCK1H_0 6 38 56
G00000NNXZCK1H_0 5 38 56 1
G00000NNXZCK1H_0 2 2 38 58
G00000NNXZCK1H_0 1 2 38 59
G00000NNXZCK1H_0 2 38 60
G00000NNXZCK1H_0 1 38 61
G00000NNXZCK1H_0 38 62
G00000NNXZCK1H_0 5 9 7 16 63
G00000NNXZCK1H_0 4 9 7 16 64
G00000NNXZCK1H_0 3 9 7 16 65
G00000NNXZCK1H_0 1 1 9 7 16 66
G00000NNXZCK1H_0 1 9 7 16 66 1
G00000NNXZCK1H_0 9 7 16 66 1 1
G00000NNXZCK1H_0 1 6 1 7 16 66 3
G00000NNXZCK1H_0 6 1 7 16 66 4
G00000NNXZCK1H_0 5 1 7 16 66 5
G00000NNXZCK1H_0 2 2 1 7 16 66 6
G00000NNXZCK1H_0 1 2 1 7 16 66 7
G00000NNXZCK1H_0 2 1 7 16 74
G00000NNXZCK1H_0 1 1 7 16 75
G00000NNXZCK1H_0 1 7 16 76
G00000NNXZCK1H_0 7 16 77
G00000NNXZCK1H_0 6 16 77 1
G00000NNXZCK1H_0 5 16 79
G00000NNXZCK1H_0 4 16 80
G00000NNXZCK1H_0 3 16 81
G00000NNXZCK1H_0 2 16 82
G00000NNXZCK1H_0 1 16 83
G00000NNXZCK1H_0 16 84
G00000NNXZCK1H_0 3 2 3 7 85
G00000NNXZCK1H_0 2 2 3 7 86
G00000NNXZCK1H_0 1 2 3 7 87
G00000NNXZCK1H_0 2 3 7 88
G00000NNXZCK1H_0 1 3 7 89
G00000NNXZCK1H_0 3 7 89 1
G00000NNXZCK1H_0 2 7 91
G00000NNXZCK1H_0 1 7 92
G00000NNXZCK1H_0 7 93
G00000NNXZCK1H_0 5 1 94
G00000NNXZCK1H_0 2 2 1 94 1
G00000NNXZCK1H_0 1 2 1 96
G00000NNXZCK1H_0 2 1 97
G00000NNXZCK1H_0 1 1 98
G00000NNXZCK1H_0 1 99
G00000NNXZCK1H_0 99 1
G00000NNXZCK1H_0 6 59 35
G00000NNXZCK1H_0 1 3 1 59 36
G00000NNXZCK1H_0 3 1 59 36 1
G00000NNXZCK1H_0 1 1 1 59 38
G00000NNXZCK1H_0 1 1 59 39
G00000NNXZCK1H_0 1 59 39 1
G00000NNXZCK1H_0 59 41
G00000NNXZCK1H_0 15 43 42
G00000NNXZCK1H_0 4 10 43 43
G00000NNXZCK1H_0 3 10 43 44
G00000NNXZCK1H_0 2 10 43 45
G00000NNXZCK1H_0 1 10 43 46
G00000NNXZCK1H_0 10 43 47
G00000NNXZCK1H_0 6 3 43 47 1
G00000NNXZCK1H_0 5 3 43 49
G00000NNXZCK1H_0 4 3 43 50
G00000NNXZCK1H_0 3 3 43 51
G00000NNXZCK1H_0 2 3 43 51 1
G00000NNXZCK1H_0 1 3 43 53
G00000NNXZCK1H_0 3 43 54
G00000NNXZCK1H_0 1 1 43 55
G00000NNXZCK1H_0 1 43 55 1
G00000NNXZCK1H_0 43 57
G00000NNXZCK1H_0 4 17 6 15 58
G00000NNXZCK1H_0 3 17 6 15 58 1
G00000NNXZCK1H_0 2 17 6 15 60
G00000NNXZCK1H_0 1 17 6 15 61
G00000NNXZCK1H_0 17 6 15 62
G00000NNXZCK1H_0 8 2 6 6 15 63
G00000NNXZCK1H_0 1 6 2 6 6 15 64
G00000NNXZCK1H_0 6 2 6 6 15 64 1
G00000NNXZCK1H_0 3 1 1 2 6 6 15 66
G00000NNXZCK1H_0 2 1 1 2 6 6 15 67
G00000NNXZCK1H_0 1 1 1 2 6 6 15 68
G00000NNXZCK1H_0 1 1 2 6 6 15 69
G00000NNXZCK1H_0 1 2 6 6 15 70
G00000NNXZCK1H_0 2 6 6 15 71
G00000NNXZCK1H_0 1 6 6 15 72
G00000NNXZCK1H_0 6 6 15 73
G00000NNXZCK1H_0 1 4 6 15 73 1
G00000NNXZCK1H_0 4 6 15 73 1 1
G00000NNXZCK1H_0 3 6 15 73 3
G00000NNXZCK1H_0 2 6 15 73 3 1
G00000NNXZCK1H_0 1 6 15 73 5
G00000NNXZCK1H_0 6 15 73 6
G00000NNXZCK1H_0 2 3 15 73 7
G00000NNXZCK1H_0 1 3 15 73 7 1
G00000NNXZCK1H_0 3 15 73 9
G00000NNXZCK1H_0 1 1 15 73 10
G00000NNXZCK1H_0 1 15 73 11
G00000NNXZCK1H_0 15 73 12
G00000NNXZCK1H_0 4 10 73 13
G00000NNXZCK1H_0 3 10 73 14
G00000NNXZCK1H_0 1 1 10 73 15
G00000NNXZCK1H_0 1 10 73 16
G00000NNXZCK1H_0 10 73 17
G00000NNXZCK1H_0 1 1 1 1 1 1 1 1 1 73 18
G00000NNXZCK1H_0 1 1 1 1 1 1 1 1 73 18 1
G00000NNXZCK1H_0 1 1 1 1 1 1 1 73 20
G00000NNXZCK1H_0 1 1 1 1 1 1 73 21
G00000NNXZCK1H_0 1 1 1 1 1 73 22
G00000NNXZCK1H_0 1 1 1 1 73 22 1
G00000NNXZCK1H_0 1 1 1 73 24
G00000NNXZCK1H_0 1 1 73 25
G00000NNXZCK1H_0 1 73 26
G00000NNXZCK1H_0 73 27
G00000NNXZCK1H_0 35 28 9 28
G00000NNXZCK1H_0 1 5 2 1 17 8 28 9 29
G00000NNXZCK1H_0 5 2 1 17 8 28 9 30
G00000NNXZCK1H_0 1 1 2 2 1 17 8 28 9 30 1
G00000NNXZCK1H_0 1 2 2 1 17 8 28 9 32
G00000NNXZCK1H_0 2 2 1 17 8 28 9 32 1
G00000NNXZCK1H_0 1 2 1 17 8 28 9 34
G00000NNXZCK1H_0 2 1 17 8 28 9 35
G00000NNXZCK1H_0 1 1 17 8 28 9 36
G00000NNXZCK1H_0 1 17 8 28 9 37
G00000NNXZCK1H_0 17 8 28 9 38
G00000NNXZCK1H_0 1 4 6 5 8 28 9 38 1
G00000NNXZCK1H_0 4 6 5 8 28 9 40
G00000NNXZCK1H_0 3 6 5 8 28 9 41
G00000NNXZCK1H_0 1 1 6 5 8 28 9 41 1
G00000NNXZCK1H_0 1 6 5 8 28 9 43
G00000NNXZCK1H_0 6 5 8 28 9 44
G00000NNXZCK1H_0 5 5 8 28 9 45
G00000NNXZCK1H_0 4 5 8 28 9 46
G00000NNXZCK1H_0 2 1 5 8 28 9 47
G00000NNXZCK1H_0 1 1 5 8 28 9 48
G00000NNXZCK1H_0 1 5 8 28 9 49
G00000NNXZCK1H_0 5 8 28 9 50
G00000NNXZCK1H_0 1 1 1 1 8 28 9 51
G00000NNXZCK1H_0 1 1 1 8 28 9 52
G00000NNXZCK1H_0 1 1 8 28 9 53
G00000NNXZCK1H_0 1 8 28 9 53 1
G00000NNXZCK1H_0 8 28 9 55
G00000NNXZCK1H_0 1 3 3 28 9 56
G00000NNXZCK1H_0 3 3 28 9 56 1
G00000NNXZCK1H_0 2 3 28 9 58
G00000NNXZCK1H_0 1 3 28 9 58 1
G00000NNXZCK1H_0 3 28 9 60
G00000NNXZCK1H_0 1 1 28 9 61
G00000NNXZCK1H_0 1 28 9 62
G00000NNXZCK1H_0 28 9 63
G00000NNXZCK1H_0 1 1 16 9 9 63 1
G00000NNXZCK1H_0 1 16 9 9 65
G00000NNXZCK1H_0 16 9 9 65 1
G00000NNXZCK1H_0 1 3 2 1 4 4 9 9 67
G00000NNXZCK1H_0 3 2 1 4 4 9 9 68
G00000NNXZCK1H_0 1 1 2 1 4 4 9 9 69
G00000NNXZCK1H_0 1 2 1 4 4 9 9 70
G00000NNXZCK1H_0 2 1 4 4 9 9 70 1
G00000NNXZCK1H_0 1 1 4 4 9 9 72
G00000NNXZCK1H_0 1 4 4 9 9 73
G00000NNXZCK1H_0 4 4 9 9 74
G00000NNXZCK1H_0 1 2 4 9 9 75
G00000NNXZCK1H_0 2 4 9 9 76
G00000NNXZCK1H_0 1 4 9 9 77
G00000NNXZCK1H_0 4 9 9 78
G00000NNXZCK1H_0 1 1 1 9 9 79
G00000NNXZCK1H_0 1 1 9 9 80
G00000NNXZCK1H_0 1 9 9 81
G00000NNXZCK1H_0 9 9 82
G00000NNXZCK1H_0 1 1 6 9 83
G00000NNXZCK1H_0 1 6 9 84
G00000NNXZCK1H_0 6 9 85
G00000NNXZCK1H_0 1 1 2 1 9 86
G00000NNXZCK1H_0 1 2 1 9 87
G00000NNXZCK1H_0 2 1 9 88
G00000NNXZCK1H_0 1 1 9 88 1
G00000NNXZCK1H_0 1 9 88 1 1
G00000NNXZCK1H_0 9 91
G00000NNXZCK1H_0 6 1 1 91 1
G00000NNXZCK1H_0 5 1 1 91 1 1
G00000NNXZCK1H_0 1 1 1 1 1 1 91 3
G00000NNXZCK1H_0 1 1 1 1 1 91 4
G00000NNXZCK1H_0 1 1 1 1 91 5
G00000NNXZCK1H_0 1 1 1 91 6
G00000NNXZCK1H_0 1 1 91 7
G00000NNXZCK1H_0 1 91 8
G00000NNXZCK1H_0 91 9
G00000NNXZCK1H_0 17 12 58 3 10
G00000NNXZCK1H_0 1 15 12 58 3 10 1
G00000NNXZCK1H_0 15 12 58 3 12
G00000NNXZCK1H_0 3 11 12 58 3 13
G00000NNXZCK1H_0 2 11 12 58 3 14
G00000NNXZCK1H_0 1 11 12 58 3 15
G00000NNXZCK1H_0 11 12 58 3 16
G00000NNXZCK1H_0 1 3 6 12 58 3 17
G00000NNXZCK1H_0 3 6 12 58 3 18
G00000NNXZCK1H_0 1 1 6 12 58 3 19
G00000NNXZCK1H_0 1 6 12 58 3 20
G00000NNXZCK1H_0 6 12 58 3 21
G00000NNXZCK1H_0 2 3 12 58 3 22
G00000NNXZCK1H_0 1 3 12 58 3 23
G00000NNXZCK1H_0 3 12 58 3 24
G00000NNXZCK1H_0 2 12 58 3 25
G00000NNXZCK1H_0 1 12 58 3 26
G00000NNXZCK1H_0 12 58 3 26 1
G00000NNXZCK1H_0 3 8 58 3 28
G00000NNXZCK1H_0 1 1 8 58 3 29
G00000NNXZCK1H_0 1 8 58 3 30
G00000NNXZCK1H_0 8 58 3 31
G00000NNXZCK1H_0 1 2 2 2 58 3 32
G00000NNXZCK1H_0 2 2 2 58 3 33
G00000NNXZCK1H_0 1 2 2 58 3 33 1
G00000NNXZCK1H_0 2 2 58 3 35
G00000NNXZCK1H_0 1 2 58 3 35 1
G00000NNXZCK1H_0 2 58 3 37
G00000NNXZCK1H_0 1 58 3 38
G00000NNXZCK1H_0 58 3 38 1
G00000NNXZCK1H_0 1 6 25 25 3 40
G00000NNXZCK1H_0 6 25 25 3 40 1
G00000NNXZCK1H_0 2 3 25 25 3 42
G00000NNXZCK1H_0 1 3 25 25 3 43
G00000NNXZCK1H_0 3 25 25 3 44
G00000NNXZCK1H_0 2 25 25 3 45
G00000NNXZCK1H_0 1 25 25 3 45 1
G00000NNXZCK1H_0 25 25 3 47
G00000NNXZCK1H_0 1 1 22 25 3 48
G00000NNXZCK1H_0 1 22 25 3 49
G00000NNXZCK1H_0 22 25 3 50
G00000NNXZCK1H_0 10 1 3 2 5 25 3 51
G00000NNXZCK1H_0 9 1 3 2 5 25 3 52
G00000NNXZCK1H_0 8 1 3 2 5 25 3 53
G00000NNXZCK1H_0 1 6 1 3 2 5 25 3 54
G00000NNXZCK1H_0 6 1 3 2 5 25 3 55
G00000NNXZCK1H_0 2 2 1 1 3 2 5 25 3 55 1
G00000NNXZCK1H_0 1 2 1 1 3 2 5 25 3 57
G00000NNXZCK1H_0 2 1 1 3 2 5 25 3 58
G00000NNXZCK1H_0 1 1 1 3 2 5 25 3 59
G00000NNXZCK1H_0 1 1 3 2 5 25 3 60
G00000NNXZCK1H_0 1 3 2 5 25 3 60 1
G00000NNXZCK1H_0 3 2 5 25 3 60 1 1
G00000NNXZCK1H_0 1 1 2 5 25 3 63
G00000NNXZCK1H_0 1 2 5 25 3 64
G00000NNXZCK1H_0 2 5 25 3 65
G00000NNXZCK1H_0 1 5 25 3 65 1
G00000NNXZCK1H_0 5 25 3 67
G00000NNXZCK1H_0 4 25 3 68
G00000NNXZCK1H_0 3 25 3 69
G00000NNXZCK1H_0 1 1 25 3 69 1
G00000NNXZCK1H_0 1 25 3 71
G00000NNXZCK1H_0 25 3 72
G00000NNXZCK1H_0 1 5 18 3 73
G00000NNXZCK1H_0 5 18 3 73 1
G00000NNXZCK1H_0 4 18 3 75
G00000NNXZCK1H_0 1 1 1 18 3 76
G00000NNXZCK1H_0 1 1 18 3 77
G00000NNXZCK1H_0 1 18 3 78
G00000NNXZCK1H_0 18 3 79
G00000NNXZCK1H_0 1 8 6 1 1 3 80
G00000NNXZCK1H_0 8 6 1 1 3 81
G00000NNXZCK1H_0 7 6 1 1 3 82
G00000NNXZCK1H_0 1 5 6 1 1 3 83
G00000NNXZCK1H_0 5 6 1 1 3 84
G00000NNXZCK1H_0 2 2 6 1 1 3 85
G00000NNXZCK1H_0 1 2 6 1 1 3 86
G00000NNXZCK1H_0 2 6 1 1 3 87
G00000NNXZCK1H_0 1 6 1 1 3 88
G00000NNXZCK1H_0 6 1 1 3 89
G00000NNXZCK1H_0 5 1 1 3 90
G00000NNXZCK1H_0 1 3 1 1 3 90 1
G00000NNXZCK1H_0 3 1 1 3 92
G00000NNXZCK1H_0 2 1 1 3 92 1
G00000NNXZCK1H_0 1 1 1 3 94
G00000NNXZCK1H_0 1 1 3 95
G00000NNXZCK1H_0 1 3 96
G00000NNXZCK1H_0 3 96 1
G00000NNXZCK1H_0 2 98
G00000NNXZCK1H_0 1 99
G00000NNXZCK1H_0 100
G00000NNXZCK1H_0 25 7 27 40 1
G00000NNXZCK1H_0 5 3 16 7 27 40 1 1
G00000NNXZCK1H_0 1 3 3 16 7 27 40 3
G00000NNXZCK1H_0 3 3 16 7 27 40 3 1
G00000NNXZCK1H_0 1 1 3 16 7 27 40 5
G00000NNXZCK1H_0 1 3 16 7 27 40 6
G00000NNXZCK1H_0 3 16 7 27 40 7
G00000NNXZCK1H_0 2 16 7 27 40 8
G00000NNXZCK1H_0 1 16 7 27 40 9
G00000NNXZCK1H_0 16 7 27 40 10
G00000NNXZCK1H_0 13 2 7 27 40 10 1
G00000NNXZCK1H_0 2 2 8 2 7 27 40 12
G00000NNXZCK1H_0 1 2 8 2 7 27 40 13
G00000NNXZCK1H_0 2 8 2 7 27 40 14
G00000NNXZCK1H_0 1 8 2 7 27 40 15
G00000NNXZCK1H_0 8 2 7 27 40 16
G00000NNXZCK1H_0 1 3 3 2 7 27 40 17
G00000NNXZCK1H_0 3 3 2 7 27 40 18
G00000NNXZCK1H_0 1 1 3 2 7 27 40 19
G00000NNXZCK1H_0 1 3 2 7 27 40 20
G00000NNXZCK1H_0 3 2 7 27 40 21
G00000NNXZCK1H_0 2 2 7 27 40 21 1
G00000NNXZCK1H_0 1 2 7 27 40 23
G00000NNXZCK1H_0 2 7 27 40 24
G00000NNXZCK1H_0 1 7 27 40 24 1
G00000NNXZCK1H_0 7 27 40 26
G00000NNXZCK1H_0 5 1 27 40 27
G00000NNXZCK1H_0 4 1 27 40 28
G00000NNXZCK1H_0 2 1 1 27 40 29
G00000NNXZCK1H_0 1 1 1 27 40 29 1
G00000NNXZCK1H_0 1 1 27 40 31
G00000NNXZCK1H_0 1 27 40 32
G00000NNXZCK1H_0 27 40 32 1
G00000NNXZCK1H_0 1 3 22 40 34
G00000NNXZCK1H_0 3 22 40 34 1
G00000NNXZCK1H_0 1 1 22 40 36
G00000NNXZCK1H_0 1 22 40 37
G00000NNXZCK1H_0 22 40 38
G00000NNXZCK1H_0 1 5 10 5 40 38 1
G00000NNXZCK1H_0 5 10 5 40 40
G00000NNXZCK1H_0 1 1 2 10 5 40 41
G00000NNXZCK1H_0 1 2 10 5 40 42
G00000NNXZCK1H_0 2 10 5 40 43
G00000NNXZCK1H_0 1 10 5 40 43 1
G00000NNXZCK1H_0 10 5 40 45
G00000NNXZCK1H_0 6 3 5 40 46
G00000NNXZCK1H_0 1 4 3 5 40 47
G00000NNXZCK1H_0 4 3 5 40 48
G00000NNXZCK1H_0 1 1 1 3 5 40 49
G00000NNXZCK1H_0 1 1 3 5 40 50
G00000NNXZCK1H_0 1 3 5 40 51
G00000NNXZCK1H_0 3 5 40 51 1
G00000NNXZCK1H_0 2 5 40 53
G00000NNXZCK1H_0 1 5 40 54
G00000NNXZCK1H_0 5 40 55
G00000NNXZCK1H_0 1 1 1 1 40 56
G00000NNXZCK1H_0 1 1 1 40 57
G00000NNXZCK1H_0 1 1 40 58
G00000NNXZCK1H_0 1 40 59
G00000NNXZCK1H_0 40 59 1
G00000NNXZCK1H_0 4 8 27 61
G00000NNXZCK1H_0 1 2 8 27 62
G00000NNXZCK1H_0 2 8 27 63
G00000NNXZCK1H_0 1 8 27 64
G00000NNXZCK1H_0 8 27 65
G00000NNXZCK1H_0 1 1 1 4 27 66
G00000NNXZCK1H_0 1 1 4 27 67
G00000NNXZCK1H_0 1 4 27 68
G00000NNXZCK1H_0 4 27 69
G00000NNXZCK1H_0 1 1 1 27 70
G00000NNXZCK1H_0 1 1 27 71
G00000NNXZCK1H_0 1 27 72
G00000NNXZCK1H_0 27 73
G00000NNXZCK1H_0 16 2 8 74
G00000NNXZCK1H_0 15 2 8 75
G00000NNXZCK1H_0 14 2 8 76
G00000NNXZCK1H_0 6 7 2 8 77
G00000NNXZCK1H_0 1 4 7 2 8 77 1
G00000NNXZCK1H_0 4 7 2 8 79
G00000NNXZCK1H_0 3 7 2 8 80
G00000NNXZCK1H_0 2 7 2 8 80 1
G00000NNXZCK1H_0 1 7 2 8 82
G00000NNXZCK1H_0 7 2 8 83
G00000NNXZCK1H_0 1 2 3 2 8 84
G00000NNXZCK1H_0 2 3 2 8 85
G00000NNXZCK1H_0 1 3 2 8 85 1
G00000NNXZCK1H_0 3 2 8 87
G00000NNXZCK1H_0 1 1 2 8 88
G00000NNXZCK1H_0 1 2 8 89
G00000NNXZCK1H_0 2 8 89 1
G00000NNXZCK1H_0 1 8 91
G00000NNXZCK1H_0 8 92
G00000NNXZCK1H_0 3 4 93
G00000NNXZCK1H_0 2 4 94
G00000NNXZCK1H_0 1 4 95
G00000NNXZCK1H_0 4 96
G00000NNXZCK1H_0 1 1 1 96 1
G00000NNXZCK1H_0 1 1 98
G00000NNXZCK1H_0 1 99
G00000NNXZCK1H_0 100
G00000NNXZCK1H_0 100
G00000NNXZCK1H_0 1 7 28 64
G00000NNXZCK1H_0 7 28 65
G00000NNXZCK1H_0 6 28 65 1
G00000NNXZCK1H_0 5 28 65 1 1
G00000NNXZCK1H_0 2 2 28 65 3
G00000NNXZCK1H_0 1 2 28 65 4
G00000NNXZCK1H_0 2 28 65 5
G00000NNXZCK1H_0 1 28 65 6
G00000NNXZCK1H_0 28 65 7
G00000NNXZCK1H_0 10 3 14 65 7 1
G00000NNXZCK1H_0 4 5 3 14 65 7 1 1
G00000NNXZCK1H_0 1 1 1 5 3 14 65 7 3
G00000NNXZCK1H_0 1 1 5 3 14 65 7 4
G00000NNXZCK1H_0 1 5 3 14 65 7 4 1
G00000NNXZCK1H_0 5 3 14 65 7 6
G00000NNXZCK1H_0 2 2 3 14 65 7 7
G00000NNXZCK1H_0 1 2 3 14 65 7 8
G00000NNXZCK1H_0 2 3 14 65 7 8 1
G00000NNXZCK1H_0 1 3 14 65 7 10
G00000NNXZCK1H_0 3 14 65 7 11
G00000NNXZCK1H_0 1 1 14 65 7 12
G00000NNXZCK1H_0 1 14 65 7 13
G00000NNXZCK1H_0 14 65 7 13 1
G00000NNXZCK1H_0 1 3 3 6 65 7 15
G00000NNXZCK1H_0 3 3 6 65 7 16
G00000NNXZCK1H_0 1 1 3 6 65 7 17
G00000NNXZCK1H_0 1 3 6 65 7 18
G00000NNXZCK1H_0 3 6 65 7 19
G00000NNXZCK1H_0 1 1 6 65 7 20
G00000NNXZCK1H_0 1 6 65 7 21
G00000NNXZCK1H_0 6 65 7 22
G00000NNXZCK1H_0 1 4 65 7 23
G00000NNXZCK1H_0 4 65 7 24
G00000NNXZCK1H_0 1 2 65 7 25
G00000NNXZCK1H_0 2 65 7 26
G00000NNXZCK1H_0 1 65 7 27
G00000NNXZCK1H_0 65 7 28
G00000NNXZCK1H_0 1 1 1 1 60 7 29
G00000NNXZCK1H_0 1 1 1 60 7 30
G00000NNXZCK1H_0 1 1 60 7 31
G00000NNXZCK1H_0 1 60 7 31 1
G00000NNXZCK1H_0 60 7 31 1 1
G00000NNXZCK1H_0 6 1 8 21 23 7 31 3
G00000NNXZCK1H_0 5 1 8 21 23 7 31 4
G00000NNXZCK1H_0 4 1 8 21 23 7 31 5
G00000NNXZCK1H_0 3 1 8 21 23 7 31 6
G00000NNXZCK1H_0 2 1 8 21 23 7 31 7
G00000NNXZCK1H_0 1 1 8 21 23 7 31 7 1
G00000NNXZCK1H_0 1 8 21 23 7 31 9
G00000NNXZCK1H_0 8 21 23 7 31 9 1
G00000NNXZCK1H_0 1 1 5 21 23 7 31 11
G00000NNXZCK1H_0 1 5 21 23 7 31 12
G00000NNXZCK1H_0 5 21 23 7 31 12 1
G00000NNXZCK1H_0 1 1 1 1 21 23 7 31 14
G00000NNXZCK1H_0 1 1 1 21 23 7 31 15
G00000NNXZCK1H_0 1 1 21 23 7 31 16
G00000NNXZCK1H_0 1 21 23 7 31 17
G00000NNXZCK1H_0 21 23 7 31 18
G00000NNXZCK1H_0 4 3 8 1 1 3 23 7 31 19
G00000NNXZCK1H_0 3 3 8 1 1 3 23 7 31 20
G00000NNXZCK1H_0 1 1 3 8 1 1 3 23 7 31 21
G00000NNXZCK1H_0 1 3 8 1 1 3 23 7 31 22
G00000NNXZCK1H_0 3 8 1 1 3 23 7 31 23
G00000NNXZCK1H_0 2 8 1 1 3 23 7 31 24
G00000NNXZCK1H_0 1 8 1 1 3 23 7 31 24 1
G00000NNXZCK1H_0 8 1 1 3 23 7 31 26
G00000NNXZCK1H_0 7 1 1 3 23 7 31 27
G00000NNXZCK1H_0 6 1 1 3 23 7 31 28
G00000NNXZCK1H_0 3 2 1 1 3 23 7 31 29
G00000NNXZCK1H_0 1 1 2 1 1 3 23 7 31 30
G00000NNXZCK1H_0 1 2 1 1 3 23 7 31 31
G00000NNXZCK1H_0 2 1 1 3 23 7 31 32
G00000NNXZCK1H_0 1 1 1 3 23 7 31 33
G00000NNXZCK1H_0 1 1 3 23 7 31 33 1
G00000NNXZCK1H_0 1 3 23 7 31 35
G00000NNXZCK1H_0 3 23 7 31 36
G00000NNXZCK1H_0 2 23 7 31 36 1
G00000NNXZCK1H_0 1 23 7 31 38
G00000NNXZCK1H_0 23 7 31 39
G00000NNXZCK1H_0 4 18 7 31 40
G00000NNXZCK1H_0 3 18 7 31 41
G00000NNXZCK1H_0 2 18 7 31 42
G00000NNXZCK1H_0 1 18 7 31 43
G00000NNXZCK1H_0 18 7 31 44
G00000NNXZCK1H_0 2 1 7 7 7 31 45
G00000NNXZCK1H_0 1 1 7 7 7 31 46
G00000NNXZCK1H_0 1 7 7 7 31 47
G00000NNXZCK1H_0 7 7 7 31 48
G00000NNXZCK1H_0 1 1 1 1 2 7 7 31 48 1
G00000NNXZCK1H_0 1 1 1 2 7 7 31 50
G00000NNXZCK1H_0 1 1 2 7 7 31 51
G00000NNXZCK1H_0 1 2 7 7 31 52
G00000NNXZCK1H_0 2 7 7 31 53
G00000NNXZCK1H_0 1 7 7 31 54
G00000NNXZCK1H_0 7 7 31 55
G00000NNXZCK1H_0 1 3 1 1 7 31 56
G00000NNXZCK1H_0 3 1 1 7 31 57
G00000NNXZCK1H_0 2 1 1 7 31 57 1
G00000NNXZCK1H_0 1 1 1 7 31 59
G00000NNXZCK1H_0 1 1 7 31 60
G00000NNXZCK1H_0 1 7 31 61
G00000NNXZCK1H_0 7 31 62
G00000NNXZCK1H_0 6 31 63
G00000NNXZCK1H_0 1 1 2 1 31 64
G00000NNXZCK1H_0 1 2 1 31 64 1
G00000NNXZCK1H_0 2 1 31 66
G00000NNXZCK1H_0 1 1 31 67
G00000NNXZCK1H_0 1 31 68
G00000NNXZCK1H_0 31 68 1
G00000NNXZCK1H_0 3 4 5 18 70
G00000NNXZCK1H_0 1 1 4 5 18 71
G00000NNXZCK1H_0 1 4 5 18 71 1
G00000NNXZCK1H_0 4 5 18 73
G00000NNXZCK1H_0 1 1 1 5 18 74
G00000NNXZCK1H_0 1 1 5 18 75
G00000NNXZCK1H_0 1 5 18 76
G00000NNXZCK1H_0 5 18 77
G00000NNXZCK1H_0 3 1 18 78
G00000NNXZCK1H_0 1 1 1 18 78 1
G00000NNXZCK1H_0 1 1 18 78 1 1
G00000NNXZCK1H_0 1 18 78 3
G00000NNXZCK1H_0 18 78 4
G00000NNXZCK1H_0 2 15 78 4 1
G00000NNXZCK1H_0 1 15 78 6
G00000NNXZCK1H_0 15 78 7
G00000NNXZCK1H_0 14 78 8
G00000NNXZCK1H_0 13 78 8 1
G00000NNXZCK1H_0 12 78 10
G00000NNXZCK1H_0 4 7 78 10 1
G00000NNXZCK1H_0 3 7 78 10 1 1
G00000NNXZCK1H_0 1 1 7 78 13
G00000NNXZCK1H_0 1 7 78 14
G00000NNXZCK1H_0 7 78 14 1
G00000NNXZCK1H_0 3 3 78 16
G00000NNXZCK1H_0 1 1 3 78 17
G00000NNXZCK1H_0 1 3 78 18
G00000NNXZCK1H_0 3 78 19
G00000NNXZCK1H_0 1 1 78 20
G00000NNXZCK1H_0 1 78 21
G00000NNXZCK1H_0 78 21 1
G00000NNXZCK1H_0 6 71 23
G00000NNXZCK1H_0 3 1 1 71 24
G00000NNXZCK1H_0 2 1 1 71 25
G00000NNXZCK1H_0 1 1 1 71 26
G00000NNXZCK1H_0 1 1 71 26 1
G00000NNXZCK1H_0 1 71 26 1 1
G00000NNXZCK1H_0 71 26 1 1 1
G00000NNXZCK1H_0 1 15 9 45 26 4
G00000NNXZCK1H_0 15 9 45 26 4 1
G00000NNXZCK1H_0 2 12 9 45 26 6
G00000NNXZCK1H_0 1 12 9 45 26 7
G00000NNXZCK1H_0 12 9 45 26 8
G00000NNXZCK1H_0 2 9 9 45 26 9
G00000NNXZCK1H_0 1 9 9 45 26 10
G00000NNXZCK1H_0 9 9 45 26 11
G00000NNXZCK1H_0 8 9 45 26 12
G00000NNXZCK1H_0 1 1 1 4 9 45 26 13
G00000NNXZCK1H_0 1 1 4 9 45 26 13 1
G00000NNXZCK1H_0 1 4 9 45 26 15
G00000NNXZCK1H_0 4 9 45 26 15 1
G00000NNXZCK1H_0 1 1 1 9 45 26 17
G00000NNXZCK1H_0 1 1 9 45 26 18
G00000NNXZCK1H_0 1 9 45 26 19
G00000NNXZCK1H_0 9 45 26 20
G00000NNXZCK1H_0 8 45 26 20 1
G00000NNXZCK1H_0 3 4 45 26 22
G00000NNXZCK1H_0 1 1 4 45 26 23
G00000NNXZCK1H_0 1 4 45 26 24
G00000NNXZCK1H_0 4 45 26 25
G00000NNXZCK1H_0 1 2 45 26 26
G00000NNXZCK1H_0 2 45 26 26 1
G00000NNXZCK1H_0 1 45 26 28
G00000NNXZCK1H_0 45 26 28 1
G00000NNXZCK1H_0 1 1 21 7 14 26 30
G00000NNXZCK1H_0 1 21 7 14 26 31
G00000NNXZCK1H_0 21 7 14 26 32
G00000NNXZCK1H_0 1 8 2 9 7 14 26 32 1
G00000NNXZCK1H_0 8 2 9 7 14 26 34
G00000NNXZCK1H_0 1 1 5 2 9 7 14 26 35
G00000NNXZCK1H_0 1 5 2 9 7 14 26 36
G00000NNXZCK1H_0 5 2 9 7 14 26 37
G00000NNXZCK1H_0 1 2 1 2 9 7 14 26 38
G00000NNXZCK1H_0 2 1 2 9 7 14 26 39
G00000NNXZCK1H_0 1 1 2 9 7 14 26 40
G00000NNXZCK1H_0 1 2 9 7 14 26 41
G00000NNXZCK1H_0 2 9 7 14 26 42
G00000NNXZCK1H_0 1 9 7 14 26 43
G00000NNXZCK1H_0 9 7 14 26 44
G00000NNXZCK1H_0 1 6 1 7 14 26 45
G00000NNXZCK1H_0 6 1 7 14 26 45 1
G00000NNXZCK1H_0 1 4 1 7 14 26 47
G00000NNXZCK1H_0 4 1 7 14 26 48
G00000NNXZCK1H_0 3 1 7 14 26 49
G00000NNXZCK1H_0 1 1 1 7 14 26 50
G00000NNXZCK1H_0 1 1 7 14 26 50 1
G00000NNXZCK1H_0 1 7 14 26 50 1 1
G00000NNXZCK1H_0 7 14 26 53
G00000NNXZCK1H_0 5 1 14 26 54
G00000NNXZCK1H_0 1 2 1 1 14 26 55
G00000NNXZCK1H_0 2 1 1 14 26 55 1
G00000NNXZCK1H_0 1 1 1 14 26 57
G00000NNXZCK1H_0 1 1 14 26 57 1
G00000NNXZCK1H_0 1 14 26 59
G00000NNXZCK1H_0 14 26 60
G00000NNXZCK1H_0 3 10 26 61
G00000NNXZCK1H_0 2 10 26 62
G00000NNXZCK1H_0 1 10 26 63
G00000NNXZCK1H_0 10 26 64
G00000NNXZCK1H_0 2 7 26 65
G00000NNXZCK1H_0 1 7 26 65 1
G00000NNXZCK1H_0 7 26 67
G00000NNXZCK1H_0 4 1 1 26 68
G00000NNXZCK1H_0 3 1 1 26 69
G00000NNXZCK1H_0 1 1 1 1 26 70
G00000NNXZCK1H_0 1 1 1 26 71
G00000NNXZCK1H_0 1 1 26 72
G00000NNXZCK1H_0 1 26 73
G00000NNXZCK1H_0 26 74
G00000NNXZCK1H_0 7 2 16 75
G00000NNXZCK1H_0 2 4 2 16 76
G00000NNXZCK1H_0 1 4 2 16 77
G00000NNXZCK1H_0 4 2 16 78
G00000NNXZCK1H_0 1 2 2 16 79
G00000NNXZCK1H_0 2 2 16 80
G00000NNXZCK1H_0 1 2 16 81
G00000NNXZCK1H_0 2 16 81 1
G00000NNXZCK1H_0 1 16 81 1 1
G00000NNXZCK1H_0 16 84
G00000NNXZCK1H_0 3 7 5 85
G00000NNXZCK1H_0 1 1 7 5 86
G00000NNXZCK1H_0 1 7 5 86 1
G00000NNXZCK1H_0 7 5 88
G00000NNXZCK1H_0 1 5 5 89
G00000NNXZCK1H_0 5 5 89 1
G00000NNXZCK1H_0 4 5 91
G00000NNXZCK1H_0 3 5 92
G00000NNXZCK1H_0 1 1 5 93
G00000NNXZCK1H_0 1 5 93 1
G00000NNXZCK1H_0 5 93 1 1
G00000NNXZCK1H_0 2 2 96
G00000NNXZCK1H_0 1 2 97
G00000NNXZCK1H_0 2 98
G00000NNXZCK1H_0 1 99
G00000NNXZCK1H_0 100
G00000NNXZCK1H_0 49 31 19 1
G00000NNXZCK1H_0 11 13 2 22 31 21
G00000NNXZCK1H_0 1 9 13 2 22 31 21 1
G00000NNXZCK1H_0 9 13 2 22 31 23
G00000NNXZCK1H_0 1 1 6 13 2 22 31 24
G00000NNXZCK1H_0 1 6 13 2 22 31 25
G00000NNXZCK1H_0 6 13 2 22 31 26
G00000NNXZCK1H_0 3 2 13 2 22 31 27
G00000NNXZCK1H_0 1 1 2 13 2 22 31 27 1
G00000NNXZCK1H_0 1 2 13 2 22 31 29
G00000NNXZCK1H_0 2 13 2 22 31 30
G00000NNXZCK1H_0 1 13 2 22 31 31
G00000NNXZCK1H_0 13 2 22 31 32
G00000NNXZCK1H_0 1 11 2 22 31 33
G00000NNXZCK1H_0 11 2 22 31 34
G00000NNXZCK1H_0 1 2 1 6 2 22 31 35
G00000NNXZCK1H_0 2 1 6 2 22 31 36
G00000NNXZCK1H_0 1 1 6 2 22 31 37
G00000NNXZCK1H_0 1 6 2 22 31 38
G00000NNXZCK1H_0 6 2 22 31 39
G00000NNXZCK1H_0 1 2 1 1 2 22 31 40
G00000NNXZCK1H_0 2 1 1 2 22 31 41
G00000NNXZCK1H_0 1 1 1 2 22 31 42
G00000NNXZCK1H_0 1 1 2 22 31 42 1
G00000NNXZCK1H_0 1 2 22 31 44
G00000NNXZCK1H_0 2 22 31 45
G00000NNXZCK1H_0 1 22 31 46
G00000NNXZCK1H_0 22 31 46 1
G00000NNXZCK1H_0 2 1 13 5 31 48
G00000NNXZCK1H_0 1 1 13 5 31 49
G00000NNXZCK1H_0 1 13 5 31 50
G00000NNXZCK1H_0 13 5 31 51
G00000NNXZCK1H_0 1 4 6 1 5 31 52
G00000NNXZCK1H_0 4 6 1 5 31 53
G00000NNXZCK1H_0 3 6 1 5 31 54
G00000NNXZCK1H_0 1 1 6 1 5 31 55
G00000NNXZCK1H_0 1 6 1 5 31 56
G00000NNXZCK1H_0 6 1 5 31 57
G00000NNXZCK1H_0 5 1 5 31 57 1
G00000NNXZCK1H_0 1 3 1 5 31 57 1 1
G00000NNXZCK1H_0 3 1 5 31 57 3
G00000NNXZCK1H_0 1 1 1 5 31 57 3 1
G00000NNXZCK1H_0 1 1 5 31 57 5
G00000NNXZCK1H_0 1 5 31 57 6
G00000NNXZCK1H_0 5 31 57 7
G00000NNXZCK1H_0 4 31 57 8
G00000NNXZCK1H_0 1 1 1 31 57 9
G00000NNXZCK1H_0 1 1 31 57 9 1
G00000NNXZCK1H_0 1 31 57 11
G00000NNXZCK1H_0 31 57 11 1
G00000NNXZCK1H_0 30 57 11 1 1
G00000NNXZCK1H_0 2 1 26 57 14
G00000NNXZCK1H_0 1 1 26 57 14 1
G00000NNXZCK1H_0 1 26 57 16
G00000NNXZCK1H_0 26 57 16 1
G00000NNXZCK1H_0 1 8 16 57 18
G00000NNXZCK1H_0 8 16 57 19
G00000NNXZCK1H_0 1 1 1 1 1 1 1 16 57 20
G00000NNXZCK1H_0 1 1 1 1 1 1 16 57 21
G00000NNXZCK1H_0 1 1 1 1 1 16 57 22
G00000NNXZCK1H_0 1 1 1 1 16 57 23
G00000NNXZCK1H_0 1 1 1 16 57 24
G00000NNXZCK1H_0 1 1 16 57 25
G00000NNXZCK1H_0 1 16 57 26
G00000NNXZCK1H_0 16 57 26 1
G00000NNXZCK1H_0 1 1 1 3 8 1 57 28
G00000NNXZCK1H_0 1 1 3 8 1 57 28 1
G00000NNXZCK1H_0 1 3 8 1 57 30
G00000NNXZCK1H_0 3 8 1 57 31
G00000NNXZCK1H_0 1 1 8 1 57 31 1
G00000NNXZCK1H_0 1 8 1 57 33
G00000NNXZCK1H_0 8 1 57 34
G00000NNXZCK1H_0 7 1 57 35
G00000NNXZCK1H_0 6 1 57 36
G00000NNXZCK1H_0 3 2 1 57 36 1
G00000NNXZCK1H_0 1 1 2 1 57 38
G00000NNXZCK1H_0 1 2 1 57 39
G00000NNXZCK1H_0 2 1 57 39 1
G00000NNXZCK1H_0 1 1 57 41
G00000NNXZCK1H_0 1 57 42
G00000NNXZCK1H_0 57 43
G00000NNXZCK1H_0 4 7 45 44
G00000NNXZCK1H_0 1 1 1 7 45 45
G00000NNXZCK1H_0 1 1 7 45 46
