G00000RGSUL53C_0 2 1 9 30 37 21
G00000RGSUL53C_0 1 1 9 30 37 21 1
G00000RGSUL53C_0 1 9 30 37 23
G00000RGSUL53C_0 9 30 37 24
G00000RGSUL53C_0 2 6 30 37 25
G00000RGSUL53C_0 1 6 30 37 26
G00000RGSUL53C_0 6 30 37 27
G00000RGSUL53C_0 1 1 1 1 1 30 37 28
G00000RGSUL53C_0 1 1 1 1 30 37 28 1
G00000RGSUL53C_0 1 1 1 30 37 30
G00000RGSUL53C_0 1 1 30 37 30 1
G00000RGSUL53C_0 1 30 37 30 1 1
G00000RGSUL53C_0 30 37 33
G00000RGSUL53C_0 4 25 37 34
G00000RGSUL53C_0 3 25 37 35
G00000RGSUL53C_0 2 25 37 35 1
G00000RGSUL53C_0 1 25 37 37
G00000RGSUL53C_0 25 37 38
G00000RGSUL53C_0 9 15 37 39
G00000RGSUL53C_0 1 1 1 1 4 15 37 40
G00000RGSUL53C_0 1 1 1 4 15 37 41
G00000RGSUL53C_0 1 1 4 15 37 42
G00000RGSUL53C_0 1 4 15 37 43
G00000RGSUL53C_0 4 15 37 44
G00000RGSUL53C_0 1 1 1 15 37 45
G00000RGSUL53C_0 1 1 15 37 46
G00000RGSUL53C_0 1 15 37 47
G00000RGSUL53C_0 15 37 48
G00000RGSUL53C_0 2 2 2 8 37 49
G00000RGSUL53C_0 1 2 2 8 37 49 1
G00000RGSUL53C_0 2 2 8 37 49 1 1
G00000RGSUL53C_0 1 2 8 37 52
G00000RGSUL53C_0 2 8 37 53
G00000RGSUL53C_0 1 8 37 54
G00000RGSUL53C_0 8 37 55
G00000RGSUL53C_0 2 2 1 1 1 37 56
G00000RGSUL53C_0 1 2 1 1 1 37 57
G00000RGSUL53C_0 2 1 1 1 37 58
G00000RGSUL53C_0 1 1 1 1 37 59
G00000RGSUL53C_0 1 1 1 37 60
G00000RGSUL53C_0 1 1 37 61
G00000RGSUL53C_0 1 37 61 1
G00000RGSUL53C_0 37 63
G00000RGSUL53C_0 6 30 63 1
G00000RGSUL53C_0 4 1 30 63 1 1
G00000RGSUL53C_0 3 1 30 66
G00000RGSUL53C_0 2 1 30 66 1
G00000RGSUL53C_0 1 1 30 68
G00000RGSUL53C_0 1 30 69
G00000RGSUL53C_0 30 70
G00000RGSUL53C_0 4 6 19 71
G00000RGSUL53C_0 1 2 6 19 72
G00000RGSUL53C_0 2 6 19 72 1
G00000RGSUL53C_0 1 6 19 74
G00000RGSUL53C_0 6 19 74 1
G00000RGSUL53C_0 1 1 3 19 76
G00000RGSUL53C_0 1 3 19 77
G00000RGSUL53C_0 3 19 78
G00000RGSUL53C_0 2 19 79
G00000RGSUL53C_0 1 19 80
G00000RGSUL53C_0 19 81
G00000RGSUL53C_0 1 1 6 6 4 82
G00000RGSUL53C_0 1 6 6 4 82 1
G00000RGSUL53C_0 6 6 4 84
G00000RGSUL53C_0 1 2 2 6 4 85
G00000RGSUL53C_0 2 2 6 4 86
G00000RGSUL53C_0 1 2 6 4 87
G00000RGSUL53C_0 2 6 4 88
G00000RGSUL53C_0 1 6 4 89
G00000RGSUL53C_0 6 4 90
G00000RGSUL53C_0 3 2 4 91
G00000RGSUL53C_0 1 1 2 4 92
G00000RGSUL53C_0 1 2 4 93
G00000RGSUL53C_0 2 4 94
G00000RGSUL53C_0 1 4 94 1
G00000RGSUL53C_0 4 94 1 1
G00000RGSUL53C_0 3 97
G00000RGSUL53C_0 1 1 98
G00000RGSUL53C_0 1 99
G00000RGSUL53C_0 99 1
G00000RGSUL53C_0 98 1 1
G00000RGSUL53C_0 28 19 45 5 3
G00000RGSUL53C_0 7 20 19 45 5 4
G00000RGSUL53C_0 1 1 4 20 19 45 5 5
G00000RGSUL53C_0 1 4 20 19 45 11
G00000RGSUL53C_0 4 20 19 45 12
G00000RGSUL53C_0 2 1 20 19 45 13
G00000RGSUL53C_0 1 1 20 19 45 14
G00000RGSUL53C_0 1 20 19 45 15
G00000RGSUL53C_0 20 19 45 16
G00000RGSUL53C_0 2 7 1 9 19 45 17
G00000RGSUL53C_0 1 7 1 9 19 45 18
G00000RGSUL53C_0 7 1 9 19 45 18 1
G00000RGSUL53C_0 6 1 9 19 45 20
G00000RGSUL53C_0 5 1 9 19 45 21
G00000RGSUL53C_0 4 1 9 19 45 22
G00000RGSUL53C_0 1 1 1 1 9 19 45 23
G00000RGSUL53C_0 1 1 1 9 19 45 24
G00000RGSUL53C_0 1 1 9 19 45 25
G00000RGSUL53C_0 1 9 19 45 26
G00000RGSUL53C_0 9 19 45 27
G00000RGSUL53C_0 5 1 2 19 45 28
G00000RGSUL53C_0 4 1 2 19 45 28 1
G00000RGSUL53C_0 3 1 2 19 45 30
G00000RGSUL53C_0 2 1 2 19 45 31
G00000RGSUL53C_0 1 1 2 19 45 32
G00000RGSUL53C_0 1 2 19 45 33
G00000RGSUL53C_0 2 19 45 34
G00000RGSUL53C_0 1 19 45 34 1
G00000RGSUL53C_0 19 45 36
G00000RGSUL53C_0 4 14 45 37
G00000RGSUL53C_0 3 14 45 38
G00000RGSUL53C_0 2 14 45 39
G00000RGSUL53C_0 1 14 45 40
G00000RGSUL53C_0 14 45 41
G00000RGSUL53C_0 12 1 45 42
G00000RGSUL53C_0 6 5 1 45 42 1
G00000RGSUL53C_0 1 4 5 1 45 42 1 1
G00000RGSUL53C_0 4 5 1 45 42 3
G00000RGSUL53C_0 1 1 1 5 1 45 42 4
G00000RGSUL53C_0 1 1 5 1 45 42 5
G00000RGSUL53C_0 1 5 1 45 42 6
G00000RGSUL53C_0 5 1 45 42 7
G00000RGSUL53C_0 1 1 1 1 1 45 42 8
G00000RGSUL53C_0 1 1 1 1 45 42 9
G00000RGSUL53C_0 1 1 1 45 42 10
G00000RGSUL53C_0 1 1 45 42 11
G00000RGSUL53C_0 1 45 42 11 1
G00000RGSUL53C_0 45 42 13
G00000RGSUL53C_0 11 2 31 42 13 1
G00000RGSUL53C_0 4 6 2 31 42 15
G00000RGSUL53C_0 3 6 2 31 42 16
G00000RGSUL53C_0 2 6 2 31 42 17
G00000RGSUL53C_0 1 6 2 31 42 18
G00000RGSUL53C_0 6 2 31 42 19
G00000RGSUL53C_0 2 3 2 31 42 19 1
G00000RGSUL53C_0 1 3 2 31 42 21
G00000RGSUL53C_0 3 2 31 42 22
G00000RGSUL53C_0 2 2 31 42 23
G00000RGSUL53C_0 1 2 31 42 23 1
G00000RGSUL53C_0 2 31 42 25
G00000RGSUL53C_0 1 31 42 26
G00000RGSUL53C_0 31 42 27
G00000RGSUL53C_0 2 6 2 20 42 27 1
G00000RGSUL53C_0 1 6 2 20 42 29
G00000RGSUL53C_0 6 2 20 42 30
G00000RGSUL53C_0 3 2 2 20 42 31
G00000RGSUL53C_0 1 1 2 2 20 42 32
G00000RGSUL53C_0 1 2 2 20 42 33
G00000RGSUL53C_0 2 2 20 42 34
G00000RGSUL53C_0 1 2 20 42 35
G00000RGSUL53C_0 2 20 42 36
G00000RGSUL53C_0 1 20 42 37
G00000RGSUL53C_0 20 42 38
G00000RGSUL53C_0 3 2 1 1 12 42 39
G00000RGSUL53C_0 1 1 2 1 1 12 42 40
G00000RGSUL53C_0 1 2 1 1 12 42 40 1
G00000RGSUL53C_0 2 1 1 12 42 40 1 1
G00000RGSUL53C_0 1 1 1 12 42 43
G00000RGSUL53C_0 1 1 12 42 44
G00000RGSUL53C_0 1 12 42 45
G00000RGSUL53C_0 12 42 46
G00000RGSUL53C_0 2 1 6 1 1 42 47
G00000RGSUL53C_0 1 1 6 1 1 42 48
G00000RGSUL53C_0 1 6 1 1 42 49
G00000RGSUL53C_0 6 1 1 42 49 1
G00000RGSUL53C_0 3 1 1 1 1 42 51
G00000RGSUL53C_0 2 1 1 1 1 42 51 1
G00000RGSUL53C_0 1 1 1 1 1 42 53
G00000RGSUL53C_0 1 1 1 1 42 53 1
G00000RGSUL53C_0 1 1 1 42 55
G00000RGSUL53C_0 1 1 42 56
G00000RGSUL53C_0 1 42 57
G00000RGSUL53C_0 42 58
G00000RGSUL53C_0 4 37 58 1
G00000RGSUL53C_0 1 1 1 37 60
G00000RGSUL53C_0 1 1 37 61
G00000RGSUL53C_0 1 37 62
G00000RGSUL53C_0 37 63
G00000RGSUL53C_0 28 8 64
G00000RGSUL53C_0 1 1 9 10 6 8 65
G00000RGSUL53C_0 1 9 10 6 8 65 1
G00000RGSUL53C_0 9 10 6 8 67
G00000RGSUL53C_0 8 10 6 8 68
G00000RGSUL53C_0 3 4 10 6 8 69
G00000RGSUL53C_0 1 1 4 10 6 8 70
G00000RGSUL53C_0 1 4 10 6 8 71
G00000RGSUL53C_0 4 10 6 8 72
G00000RGSUL53C_0 3 10 6 8 73
G00000RGSUL53C_0 2 10 6 8 74
G00000RGSUL53C_0 1 10 6 8 75
G00000RGSUL53C_0 10 6 8 76
G00000RGSUL53C_0 1 6 1 1 6 8 77
G00000RGSUL53C_0 6 1 1 6 8 78
G00000RGSUL53C_0 1 1 3 1 1 6 8 78 1
G00000RGSUL53C_0 1 3 1 1 6 8 80
G00000RGSUL53C_0 3 1 1 6 8 80 1
G00000RGSUL53C_0 1 1 1 1 6 8 80 1 1
G00000RGSUL53C_0 1 1 1 6 8 83
G00000RGSUL53C_0 1 1 6 8 84
G00000RGSUL53C_0 1 6 8 85
G00000RGSUL53C_0 6 8 86
G00000RGSUL53C_0 4 1 8 87
G00000RGSUL53C_0 3 1 8 88
G00000RGSUL53C_0 1 1 1 8 88 1
G00000RGSUL53C_0 1 1 8 88 1 1
G00000RGSUL53C_0 1 8 91
G00000RGSUL53C_0 8 91 1
G00000RGSUL53C_0 5 1 1 93
G00000RGSUL53C_0 4 1 1 94
G00000RGSUL53C_0 3 1 1 95
G00000RGSUL53C_0 1 1 1 1 96
G00000RGSUL53C_0 1 1 1 97
G00000RGSUL53C_0 1 1 97 1
G00000RGSUL53C_0 1 97 1 1
G00000RGSUL53C_0 97 3
G00000RGSUL53C_0 39 40 17 4
G00000RGSUL53C_0 5 4 8 21 40 17 5
G00000RGSUL53C_0 4 4 8 21 40 17 5 1
G00000RGSUL53C_0 1 1 1 4 8 21 40 17 5 1 1
G00000RGSUL53C_0 1 1 4 8 21 40 17 8
G00000RGSUL53C_0 1 4 8 21 40 17 9
G00000RGSUL53C_0 4 8 21 40 17 10
G00000RGSUL53C_0 3 8 21 40 17 11
G00000RGSUL53C_0 1 1 8 21 40 17 11 1
G00000RGSUL53C_0 1 8 21 40 17 13
G00000RGSUL53C_0 8 21 40 17 14
G00000RGSUL53C_0 1 6 21 40 17 15
G00000RGSUL53C_0 6 21 40 17 15 1
G00000RGSUL53C_0 1 4 21 40 17 17
G00000RGSUL53C_0 4 21 40 17 18
G00000RGSUL53C_0 1 2 21 40 17 19
G00000RGSUL53C_0 2 21 40 17 20
G00000RGSUL53C_0 1 21 40 17 21
G00000RGSUL53C_0 21 40 17 22
G00000RGSUL53C_0 2 1 4 13 40 17 22 1
G00000RGSUL53C_0 1 1 4 13 40 17 24
G00000RGSUL53C_0 1 4 13 40 17 25
G00000RGSUL53C_0 4 13 40 17 26
G00000RGSUL53C_0 1 1 1 13 40 17 27
G00000RGSUL53C_0 1 1 13 40 17 28
G00000RGSUL53C_0 1 13 40 17 29
G00000RGSUL53C_0 13 40 17 30
G00000RGSUL53C_0 1 1 10 40 17 30 1
G00000RGSUL53C_0 1 10 40 17 30 1 1
G00000RGSUL53C_0 10 40 17 30 3
G00000RGSUL53C_0 9 40 17 30 4
G00000RGSUL53C_0 1 4 3 40 17 30 5
G00000RGSUL53C_0 4 3 40 17 30 6
G00000RGSUL53C_0 3 3 40 17 30 7
G00000RGSUL53C_0 1 1 3 40 17 30 7 1
G00000RGSUL53C_0 1 3 40 17 30 7 1 1
G00000RGSUL53C_0 3 40 17 30 10
G00000RGSUL53C_0 1 1 40 17 30 11
G00000RGSUL53C_0 1 40 17 30 12
G00000RGSUL53C_0 40 17 30 12 1
G00000RGSUL53C_0 8 2 2 5 7 13 2 17 30 14
G00000RGSUL53C_0 1 2 4 2 2 5 7 13 2 17 30 15
G00000RGSUL53C_0 2 4 2 2 5 7 13 2 17 30 16
G00000RGSUL53C_0 1 4 2 2 5 7 13 2 17 30 17
G00000RGSUL53C_0 4 2 2 5 7 13 2 17 30 18
G00000RGSUL53C_0 3 2 2 5 7 13 2 17 30 18 1
G00000RGSUL53C_0 1 1 2 2 5 7 13 2 17 30 20
G00000RGSUL53C_0 1 2 2 5 7 13 2 17 30 21
G00000RGSUL53C_0 2 2 5 7 13 2 17 30 21 1
G00000RGSUL53C_0 1 2 5 7 13 2 17 30 23
G00000RGSUL53C_0 2 5 7 13 2 17 30 24
G00000RGSUL53C_0 1 5 7 13 2 17 30 25
G00000RGSUL53C_0 5 7 13 2 17 30 26
G00000RGSUL53C_0 4 7 13 2 17 30 27
G00000RGSUL53C_0 1 2 7 13 2 17 30 27 1
G00000RGSUL53C_0 2 7 13 2 17 30 29
G00000RGSUL53C_0 1 7 13 2 17 30 30
G00000RGSUL53C_0 7 13 2 17 30 31
G00000RGSUL53C_0 6 13 2 17 30 31 1
G00000RGSUL53C_0 5 13 2 17 30 33
G00000RGSUL53C_0 1 1 1 1 13 2 17 30 33 1
G00000RGSUL53C_0 1 1 1 13 2 17 30 35
G00000RGSUL53C_0 1 1 13 2 17 30 36
G00000RGSUL53C_0 1 13 2 17 30 37
G00000RGSUL53C_0 13 2 17 30 37 1
G00000RGSUL53C_0 12 2 17 30 37 1 1
G00000RGSUL53C_0 2 9 2 17 30 37 1 1 1
G00000RGSUL53C_0 1 9 2 17 30 37 1 1 1 1
G00000RGSUL53C_0 9 2 17 30 37 5
G00000RGSUL53C_0 8 2 17 30 37 6
G00000RGSUL53C_0 2 5 2 17 30 37 7
G00000RGSUL53C_0 1 5 2 17 30 37 8
G00000RGSUL53C_0 5 2 17 30 37 9
G00000RGSUL53C_0 1 1 2 2 17 30 37 10
G00000RGSUL53C_0 1 2 2 17 30 37 10 1
G00000RGSUL53C_0 2 2 17 30 37 12
G00000RGSUL53C_0 1 2 17 30 37 13
G00000RGSUL53C_0 2 17 30 37 14
G00000RGSUL53C_0 1 17 30 37 15
G00000RGSUL53C_0 17 30 37 16
G00000RGSUL53C_0 7 9 30 37 17
G00000RGSUL53C_0 1 4 1 9 30 37 18
G00000RGSUL53C_0 4 1 9 30 37 19
G00000RGSUL53C_0 3 1 9 30 37 20
G00000ZLTXI6OC_0 1 1 5 3 26 21 43
G00000ZLTXI6OC_0 1 5 3 26 21 44
G00000ZLTXI6OC_0 5 3 26 21 45
G00000ZLTXI6OC_0 2 1 1 3 26 21 46
G00000ZLTXI6OC_0 1 1 1 3 26 21 47
G00000ZLTXI6OC_0 1 1 3 26 21 47 1
G00000ZLTXI6OC_0 1 3 26 21 49
G00000ZLTXI6OC_0 3 26 21 50
G00000ZLTXI6OC_0 2 26 21 50 1
G00000ZLTXI6OC_0 1 26 21 52
G00000ZLTXI6OC_0 26 21 53
G00000ZLTXI6OC_0 3 1 1 20 21 54
G00000ZLTXI6OC_0 2 1 1 20 21 54 1
G00000ZLTXI6OC_0 1 1 1 20 21 56
G00000ZLTXI6OC_0 1 1 20 21 56 1
G00000ZLTXI6OC_0 1 20 21 56 1 1
G00000ZLTXI6OC_0 20 21 56 1 1 1
G00000ZLTXI6OC_0 1 3 1 1 7 6 21 56 4
G00000ZLTXI6OC_0 3 1 1 7 6 21 56 5
G00000ZLTXI6OC_0 2 1 1 7 6 21 56 5 1
G00000ZLTXI6OC_0 1 1 1 7 6 21 56 7
G00000ZLTXI6OC_0 1 1 7 6 21 56 8
G00000ZLTXI6OC_0 1 7 6 21 56 9
G00000ZLTXI6OC_0 7 6 21 56 10
G00000ZLTXI6OC_0 1 1 1 3 6 21 56 11
G00000ZLTXI6OC_0 1 1 3 6 21 56 12
G00000ZLTXI6OC_0 1 3 6 21 56 13
G00000ZLTXI6OC_0 3 6 21 56 14
G00000ZLTXI6OC_0 2 6 21 56 15
G00000ZLTXI6OC_0 1 6 21 56 16
G00000ZLTXI6OC_0 6 21 56 17
G00000ZLTXI6OC_0 1 1 3 21 56 18
G00000ZLTXI6OC_0 1 3 21 56 19
G00000ZLTXI6OC_0 3 21 56 19 1
G00000ZLTXI6OC_0 1 1 21 56 21
G00000ZLTXI6OC_0 1 21 56 21 1
G00000ZLTXI6OC_0 21 56 23
G00000ZLTXI6OC_0 1 10 9 56 23 1
G00000ZLTXI6OC_0 10 9 56 25
G00000ZLTXI6OC_0 1 3 1 1 3 9 56 26
G00000ZLTXI6OC_0 3 1 1 3 9 56 27
G00000ZLTXI6OC_0 2 1 1 3 9 56 28
G00000ZLTXI6OC_0 1 1 1 3 9 56 29
G00000ZLTXI6OC_0 1 1 3 9 56 29 1
G00000ZLTXI6OC_0 1 3 9 56 31
G00000ZLTXI6OC_0 3 9 56 32
G00000ZLTXI6OC_0 1 1 9 56 32 1
G00000ZLTXI6OC_0 1 9 56 34
G00000ZLTXI6OC_0 9 56 35
G00000ZLTXI6OC_0 1 1 1 5 56 36
G00000ZLTXI6OC_0 1 1 5 56 37
G00000ZLTXI6OC_0 1 5 56 38
G00000ZLTXI6OC_0 5 56 38 1
G00000ZLTXI6OC_0 4 56 40
G00000ZLTXI6OC_0 3 56 41
G00000ZLTXI6OC_0 1 1 56 42
G00000ZLTXI6OC_0 1 56 43
G00000ZLTXI6OC_0 56 44
G00000ZLTXI6OC_0 33 13 9 45
G00000ZLTXI6OC_0 6 11 12 3 13 9 46
G00000ZLTXI6OC_0 1 1 3 11 12 3 13 9 47
G00000ZLTXI6OC_0 1 3 11 12 3 13 9 47 1
G00000ZLTXI6OC_0 3 11 12 3 13 9 49
G00000ZLTXI6OC_0 1 1 11 12 3 13 9 50
G00000ZLTXI6OC_0 1 11 12 3 13 9 51
G00000ZLTXI6OC_0 11 12 3 13 9 52
G00000ZLTXI6OC_0 10 12 3 13 9 52 1
G00000ZLTXI6OC_0 4 5 12 3 13 9 52 1 1
G00000ZLTXI6OC_0 3 5 12 3 13 9 55
G00000ZLTXI6OC_0 1 1 5 12 3 13 9 55 1
G00000ZLTXI6OC_0 1 5 12 3 13 9 55 1 1
G00000ZLTXI6OC_0 5 12 3 13 9 58
G00000ZLTXI6OC_0 4 12 3 13 9 59
G00000ZLTXI6OC_0 1 1 1 12 3 13 9 60
G00000ZLTXI6OC_0 1 1 12 3 13 9 60 1
G00000ZLTXI6OC_0 1 12 3 13 9 62
G00000ZLTXI6OC_0 12 3 13 9 63
G00000ZLTXI6OC_0 11 3 13 9 64
G00000ZLTXI6OC_0 10 3 13 9 64 1
G00000ZLTXI6OC_0 2 7 3 13 9 66
G00000ZLTXI6OC_0 1 7 3 13 9 67
G00000ZLTXI6OC_0 7 3 13 9 68
G00000ZLTXI6OC_0 6 3 13 9 68 1
G00000ZLTXI6OC_0 1 1 3 3 13 9 70
G00000ZLTXI6OC_0 1 3 3 13 9 70 1
G00000ZLTXI6OC_0 3 3 13 9 72
G00000ZLTXI6OC_0 1 1 3 13 9 73
G00000ZLTXI6OC_0 1 3 13 9 74
G00000ZLTXI6OC_0 3 13 9 75
G00000ZLTXI6OC_0 1 1 13 9 75 1
G00000ZLTXI6OC_0 1 13 9 77
G00000ZLTXI6OC_0 13 9 78
G00000ZLTXI6OC_0 4 8 9 79
G00000ZLTXI6OC_0 3 8 9 80
G00000ZLTXI6OC_0 2 8 9 81
G00000ZLTXI6OC_0 1 8 9 81 1
G00000ZLTXI6OC_0 8 9 83
G00000ZLTXI6OC_0 7 9 83 1
G00000ZLTXI6OC_0 1 5 9 85
G00000ZLTXI6OC_0 5 9 86
G00000ZLTXI6OC_0 3 1 9 87
G00000ZLTXI6OC_0 2 1 9 88
G00000ZLTXI6OC_0 1 1 9 88 1
G00000ZLTXI6OC_0 1 9 90
G00000ZLTXI6OC_0 9 91
G00000ZLTXI6OC_0 1 1 6 92
G00000ZLTXI6OC_0 1 6 93
G00000ZLTXI6OC_0 6 94
G00000ZLTXI6OC_0 1 2 2 95
G00000ZLTXI6OC_0 2 2 96
G00000ZLTXI6OC_0 1 2 97
G00000ZLTXI6OC_0 2 98
G00000ZLTXI6OC_0 1 99
G00000ZLTXI6OC_0 100
G00000ZLTXI6OC_0 51 3 46
G00000ZLTXI6OC_0 3 18 29 3 46 1
G00000ZLTXI6OC_0 1 1 18 29 3 48
G00000ZLTXI6OC_0 1 18 29 3 49
G00000ZLTXI6OC_0 18 29 3 50
G00000ZLTXI6OC_0 2 4 6 1 2 2 29 3 50 1
G00000ZLTXI6OC_0 1 4 6 1 2 2 29 3 52
G00000ZLTXI6OC_0 4 6 1 2 2 29 3 52 1
G00000ZLTXI6OC_0 3 6 1 2 2 29 3 54
G00000ZLTXI6OC_0 1 1 6 1 2 2 29 3 55
G00000ZLTXI6OC_0 1 6 1 2 2 29 3 56
G00000ZLTXI6OC_0 6 1 2 2 29 3 56 1
G00000ZLTXI6OC_0 5 1 2 2 29 3 58
G00000ZLTXI6OC_0 4 1 2 2 29 3 59
G00000ZLTXI6OC_0 1 2 1 2 2 29 3 60
G00000ZLTXI6OC_0 2 1 2 2 29 3 61
G00000ZLTXI6OC_0 1 1 2 2 29 3 62
G00000ZLTXI6OC_0 1 2 2 29 3 63
G00000ZLTXI6OC_0 2 2 29 3 64
G00000ZLTXI6OC_0 1 2 29 3 65
G00000ZLTXI6OC_0 2 29 3 65 1
G00000ZLTXI6OC_0 1 29 3 67
G00000ZLTXI6OC_0 29 3 67 1
G00000ZLTXI6OC_0 5 3 20 3 69
G00000ZLTXI6OC_0 2 2 3 20 3 70
G00000ZLTXI6OC_0 1 2 3 20 3 71
G00000ZLTXI6OC_0 2 3 20 3 72
G00000ZLTXI6OC_0 1 3 20 3 73
G00000ZLTXI6OC_0 3 20 3 74
G00000ZLTXI6OC_0 2 20 3 74 1
G00000ZLTXI6OC_0 1 20 3 76
G00000ZLTXI6OC_0 20 3 77
G00000ZLTXI6OC_0 2 3 14 3 77 1
G00000ZLTXI6OC_0 1 3 14 3 79
G00000ZLTXI6OC_0 3 14 3 80
G00000ZLTXI6OC_0 2 14 3 81
G00000ZLTXI6OC_0 1 14 3 81 1
G00000ZLTXI6OC_0 14 3 83
G00000ZLTXI6OC_0 3 5 5 3 84
G00000ZLTXI6OC_0 2 5 5 3 85
G00000ZLTXI6OC_0 1 5 5 3 86
G00000ZLTXI6OC_0 5 5 3 87
G00000ZLTXI6OC_0 4 5 3 88
G00000ZLTXI6OC_0 3 5 3 89
G00000ZLTXI6OC_0 2 5 3 89 1
G00000ZLTXI6OC_0 1 5 3 91
G00000ZLTXI6OC_0 5 3 92
G00000ZLTXI6OC_0 1 3 3 93
G00000ZLTXI6OC_0 3 3 93 1
G00000ZLTXI6OC_0 1 1 3 95
G00000ZLTXI6OC_0 1 3 95 1
G00000ZLTXI6OC_0 3 95 1 1
G00000ZLTXI6OC_0 2 95 3
G00000ZLTXI6OC_0 1 99
G00000ZLTXI6OC_0 100
G00000ZLTXI6OC_0 14 11 69 6
G00000ZLTXI6OC_0 2 1 10 11 69 6 1
G00000ZLTXI6OC_0 1 1 10 11 69 8
G00000ZLTXI6OC_0 1 10 11 69 9
G00000ZLTXI6OC_0 10 11 69 10
G00000ZLTXI6OC_0 2 1 4 2 11 69 11
G00000ZLTXI6OC_0 1 1 4 2 11 69 11 1
G00000ZLTXI6OC_0 1 4 2 11 69 11 1 1
G00000ZLTXI6OC_0 4 2 11 69 14
G00000ZLTXI6OC_0 3 2 11 69 15
G00000ZLTXI6OC_0 2 2 11 69 16
G00000ZLTXI6OC_0 1 2 11 69 17
G00000ZLTXI6OC_0 2 11 69 18
G00000ZLTXI6OC_0 1 11 69 19
G00000ZLTXI6OC_0 11 69 20
G00000ZLTXI6OC_0 1 1 1 1 6 69 21
G00000ZLTXI6OC_0 1 1 1 6 69 22
G00000ZLTXI6OC_0 1 1 6 69 23
G00000ZLTXI6OC_0 1 6 69 24
G00000ZLTXI6OC_0 6 69 25
G00000ZLTXI6OC_0 2 1 1 1 69 25 1
G00000ZLTXI6OC_0 1 1 1 1 69 27
G00000ZLTXI6OC_0 1 1 1 69 28
G00000ZLTXI6OC_0 1 1 69 29
G00000ZLTXI6OC_0 1 69 30
G00000ZLTXI6OC_0 69 31
G00000ZLTXI6OC_0 1 5 13 49 32
G00000ZLTXI6OC_0 5 13 49 33
G00000ZLTXI6OC_0 1 3 13 49 34
G00000ZLTXI6OC_0 3 13 49 35
G00000ZLTXI6OC_0 1 1 13 49 36
G00000ZLTXI6OC_0 1 13 49 37
G00000ZLTXI6OC_0 13 49 38
G00000ZLTXI6OC_0 5 4 3 49 39
G00000ZLTXI6OC_0 1 1 2 4 3 49 39 1
G00000ZLTXI6OC_0 1 2 4 3 49 41
G00000ZLTXI6OC_0 2 4 3 49 42
G00000ZLTXI6OC_0 1 4 3 49 43
G00000ZLTXI6OC_0 4 3 49 44
G00000ZLTXI6OC_0 3 3 49 44 1
G00000ZLTXI6OC_0 1 1 3 49 46
G00000ZLTXI6OC_0 1 3 49 47
G00000ZLTXI6OC_0 3 49 47 1
G00000ZLTXI6OC_0 2 49 49
G00000ZLTXI6OC_0 1 49 50
G00000ZLTXI6OC_0 49 51
G00000ZLTXI6OC_0 2 1 6 39 52
G00000ZLTXI6OC_0 1 1 6 39 53
G00000ZLTXI6OC_0 1 6 39 53 1
G00000ZLTXI6OC_0 6 39 55
G00000ZLTXI6OC_0 1 4 39 56
G00000ZLTXI6OC_0 4 39 57
G00000ZLTXI6OC_0 1 1 1 39 58
G00000ZLTXI6OC_0 1 1 39 59
G00000ZLTXI6OC_0 1 39 60
G00000ZLTXI6OC_0 39 60 1
G00000ZLTXI6OC_0 8 2 10 16 2 62
G00000ZLTXI6OC_0 1 1 5 2 10 16 2 63
G00000ZLTXI6OC_0 1 5 2 10 16 2 64
G00000ZLTXI6OC_0 5 2 10 16 2 65
G00000ZLTXI6OC_0 1 1 1 1 2 10 16 2 66
G00000ZLTXI6OC_0 1 1 1 2 10 16 2 67
G00000ZLTXI6OC_0 1 1 2 10 16 2 67 1
G00000ZLTXI6OC_0 1 2 10 16 2 69
G00000ZLTXI6OC_0 2 10 16 2 70
G00000ZLTXI6OC_0 1 10 16 2 71
G00000ZLTXI6OC_0 10 16 2 72
G00000ZLTXI6OC_0 1 1 4 3 16 2 73
G00000ZLTXI6OC_0 1 4 3 16 2 73 1
G00000ZLTXI6OC_0 4 3 16 2 75
G00000ZLTXI6OC_0 1 1 1 3 16 2 75 1
G00000ZLTXI6OC_0 1 1 3 16 2 77
G00000ZLTXI6OC_0 1 3 16 2 78
G00000ZLTXI6OC_0 3 16 2 79
G00000ZLTXI6OC_0 2 16 2 80
G00000ZLTXI6OC_0 1 16 2 81
G00000ZLTXI6OC_0 16 2 82
G00000ZLTXI6OC_0 1 1 1 8 4 2 82 1
G00000ZLTXI6OC_0 1 1 8 4 2 84
G00000ZLTXI6OC_0 1 8 4 2 85
G00000ZLTXI6OC_0 8 4 2 85 1
G00000ZLTXI6OC_0 1 2 2 2 4 2 87
G00000ZLTXI6OC_0 2 2 2 4 2 88
G00000ZLTXI6OC_0 1 2 2 4 2 89
G00000ZLTXI6OC_0 2 2 4 2 89 1
G00000ZLTXI6OC_0 1 2 4 2 91
G00000ZLTXI6OC_0 2 4 2 92
G00000ZLTXI6OC_0 1 4 2 93
G00000ZLTXI6OC_0 4 2 94
G00000ZLTXI6OC_0 3 2 94 1
G00000ZLTXI6OC_0 2 2 94 1 1
G00000ZLTXI6OC_0 1 2 94 3
G00000ZLTXI6OC_0 2 94 4
G00000ZLTXI6OC_0 1 94 5
G00000ZLTXI6OC_0 94 6
G00000ZLTXI6OC_0 10 83 7
G00000ZLTXI6OC_0 2 2 5 83 8
G00000ZLTXI6OC_0 1 2 5 83 9
G00000ZLTXI6OC_0 2 5 83 10
G00000ZLTXI6OC_0 1 5 83 11
G00000ZLTXI6OC_0 5 83 12
G00000ZLTXI6OC_0 1 1 1 1 83 13
G00000ZLTXI6OC_0 1 1 1 83 14
G00000ZLTXI6OC_0 1 1 83 15
G00000ZLTXI6OC_0 1 83 16
G00000ZLTXI6OC_0 83 17
G00000ZLTXI6OC_0 13 48 21 18
G00000ZLTXI6OC_0 2 1 1 8 48 21 19
G00000ZLTXI6OC_0 1 1 1 8 48 21 20
G00000ZLTXI6OC_0 1 1 8 48 21 21
G00000ZLTXI6OC_0 1 8 48 21 22
G00000ZLTXI6OC_0 8 48 21 23
G00000ZLTXI6OC_0 7 48 21 24
G00000ZLTXI6OC_0 6 48 21 25
G00000ZLTXI6OC_0 1 4 48 21 26
G00000ZLTXI6OC_0 4 48 21 27
G00000ZLTXI6OC_0 3 48 21 28
G00000ZLTXI6OC_0 2 48 21 29
G00000ZLTXI6OC_0 1 48 21 30
G00000ZLTXI6OC_0 48 21 31
G00000ZLTXI6OC_0 11 1 1 5 3 26 21 31 1
G00000ZLTXI6OC_0 10 1 1 5 3 26 21 33
G00000ZLTXI6OC_0 7 2 1 1 5 3 26 21 34
G00000ZLTXI6OC_0 6 2 1 1 5 3 26 21 34 1
G00000ZLTXI6OC_0 3 2 2 1 1 5 3 26 21 36
G00000ZLTXI6OC_0 1 1 2 2 1 1 5 3 26 21 37
G00000ZLTXI6OC_0 1 2 2 1 1 5 3 26 21 38
G00000ZLTXI6OC_0 2 2 1 1 5 3 26 21 39
G00000ZLTXI6OC_0 1 2 1 1 5 3 26 21 39 1
G00000ZLTXI6OC_0 2 1 1 5 3 26 21 41
G00000ZLTXI6OC_0 1 1 1 5 3 26 21 42
G00000MEWKLZDJ_0 1 2 4 3 4 6 80
G00000MEWKLZDJ_0 2 4 3 4 6 81
G00000MEWKLZDJ_0 1 4 3 4 6 82
G00000MEWKLZDJ_0 4 3 4 6 83
G00000MEWKLZDJ_0 2 1 3 4 6 84
G00000MEWKLZDJ_0 1 1 3 4 6 85
G00000MEWKLZDJ_0 1 3 4 6 86
G00000MEWKLZDJ_0 3 4 6 87
G00000MEWKLZDJ_0 1 1 4 6 88
G00000MEWKLZDJ_0 1 4 6 89
G00000MEWKLZDJ_0 4 6 90
G00000MEWKLZDJ_0 1 1 1 6 91
G00000MEWKLZDJ_0 1 1 6 91 1
G00000MEWKLZDJ_0 1 6 93
G00000MEWKLZDJ_0 6 94
G00000MEWKLZDJ_0 5 95
G00000MEWKLZDJ_0 1 3 95 1
G00000MEWKLZDJ_0 3 95 1 1
G00000MEWKLZDJ_0 1 1 98
G00000MEWKLZDJ_0 1 99
G00000MEWKLZDJ_0 100
G00000MEWKLZDJ_0 94 5 1
G00000MEWKLZDJ_0 6 14 73 7
G00000MEWKLZDJ_0 2 2 1 14 73 8
G00000MEWKLZDJ_0 1 2 1 14 73 9
G00000MEWKLZDJ_0 2 1 14 73 10
G00000MEWKLZDJ_0 1 1 14 73 11
G00000MEWKLZDJ_0 1 14 73 12
G00000MEWKLZDJ_0 14 73 13
G00000MEWKLZDJ_0 1 7 5 73 14
G00000MEWKLZDJ_0 7 5 73 15
G00000MEWKLZDJ_0 1 5 5 73 16
G00000MEWKLZDJ_0 5 5 73 16 1
G00000MEWKLZDJ_0 4 5 73 16 1 1
G00000MEWKLZDJ_0 3 5 73 16 1 1 1
G00000MEWKLZDJ_0 1 1 5 73 16 4
G00000MEWKLZDJ_0 1 5 73 16 5
G00000MEWKLZDJ_0 5 73 16 6
G00000MEWKLZDJ_0 4 73 16 6 1
G00000MEWKLZDJ_0 1 1 1 73 16 8
G00000MEWKLZDJ_0 1 1 73 16 8 1
G00000MEWKLZDJ_0 1 73 16 10
G00000MEWKLZDJ_0 73 16 10 1
G00000MEWKLZDJ_0 1 71 16 12
G00000MEWKLZDJ_0 71 16 13
G00000MEWKLZDJ_0 1 3 5 61 16 14
G00000MEWKLZDJ_0 3 5 61 16 15
G00000MEWKLZDJ_0 1 1 5 61 16 16
G00000MEWKLZDJ_0 1 5 61 16 17
G00000MEWKLZDJ_0 5 61 16 18
G00000MEWKLZDJ_0 3 1 61 16 19
G00000MEWKLZDJ_0 2 1 61 16 20
G00000MEWKLZDJ_0 1 1 61 16 20 1
G00000MEWKLZDJ_0 1 61 16 22
G00000MEWKLZDJ_0 61 16 23
G00000MEWKLZDJ_0 1 19 10 26 4 16 24
G00000MEWKLZDJ_0 19 10 26 4 16 25
G00000MEWKLZDJ_0 1 1 1 1 14 10 26 4 16 25 1
G00000MEWKLZDJ_0 1 1 1 14 10 26 4 16 27
G00000MEWKLZDJ_0 1 1 14 10 26 4 16 28
G00000MEWKLZDJ_0 1 14 10 26 4 16 28 1
G00000MEWKLZDJ_0 14 10 26 4 16 30
G00000MEWKLZDJ_0 1 11 1 10 26 4 16 31
G00000MEWKLZDJ_0 11 1 10 26 4 16 32
G00000MEWKLZDJ_0 7 3 1 10 26 4 16 33
G00000MEWKLZDJ_0 6 3 1 10 26 4 16 34
G00000MEWKLZDJ_0 1 4 3 1 10 26 4 16 35
G00000MEWKLZDJ_0 4 3 1 10 26 4 16 36
G00000MEWKLZDJ_0 1 1 1 3 1 10 26 4 16 37
G00000MEWKLZDJ_0 1 1 3 1 10 26 4 16 37 1
G00000MEWKLZDJ_0 1 3 1 10 26 4 16 39
G00000MEWKLZDJ_0 3 1 10 26 4 16 40
G00000MEWKLZDJ_0 2 1 10 26 4 16 40 1
G00000MEWKLZDJ_0 1 1 10 26 4 16 40 1 1
G00000MEWKLZDJ_0 1 10 26 4 16 43
G00000MEWKLZDJ_0 10 26 4 16 44
G00000MEWKLZDJ_0 9 26 4 16 45
G00000MEWKLZDJ_0 3 5 26 4 16 46
G00000MEWKLZDJ_0 1 1 5 26 4 16 47
G00000MEWKLZDJ_0 1 5 26 4 16 48
G00000MEWKLZDJ_0 5 26 4 16 48 1
G00000MEWKLZDJ_0 4 26 4 16 50
G00000MEWKLZDJ_0 3 26 4 16 51
G00000MEWKLZDJ_0 1 1 26 4 16 51 1
G00000MEWKLZDJ_0 1 26 4 16 53
G00000MEWKLZDJ_0 26 4 16 53 1
G00000MEWKLZDJ_0 2 3 20 4 16 55
G00000MEWKLZDJ_0 1 3 20 4 16 55 1
G00000MEWKLZDJ_0 3 20 4 16 57
G00000MEWKLZDJ_0 2 20 4 16 58
G00000MEWKLZDJ_0 1 20 4 16 58 1
G00000MEWKLZDJ_0 20 4 16 60
G00000MEWKLZDJ_0 1 2 15 1 4 16 61
G00000MEWKLZDJ_0 2 15 1 4 16 62
G00000MEWKLZDJ_0 1 15 1 4 16 63
G00000MEWKLZDJ_0 15 1 4 16 63 1
G00000MEWKLZDJ_0 5 2 7 1 4 16 63 1 1
G00000MEWKLZDJ_0 1 3 2 7 1 4 16 66
G00000MEWKLZDJ_0 3 2 7 1 4 16 67
G00000MEWKLZDJ_0 1 1 2 7 1 4 16 68
G00000MEWKLZDJ_0 1 2 7 1 4 16 69
G00000MEWKLZDJ_0 2 7 1 4 16 70
G00000MEWKLZDJ_0 1 7 1 4 16 71
G00000MEWKLZDJ_0 7 1 4 16 72
G00000MEWKLZDJ_0 4 2 1 4 16 73
G00000MEWKLZDJ_0 1 1 1 2 1 4 16 74
G00000MEWKLZDJ_0 1 1 2 1 4 16 75
G00000MEWKLZDJ_0 1 2 1 4 16 76
G00000MEWKLZDJ_0 2 1 4 16 77
G00000MEWKLZDJ_0 1 1 4 16 78
G00000MEWKLZDJ_0 1 4 16 79
G00000MEWKLZDJ_0 4 16 80
G00000MEWKLZDJ_0 1 1 1 16 80 1
G00000MEWKLZDJ_0 1 1 16 82
G00000MEWKLZDJ_0 1 16 83
G00000MEWKLZDJ_0 16 84
G00000MEWKLZDJ_0 15 85
G00000MEWKLZDJ_0 1 2 11 86
G00000MEWKLZDJ_0 2 11 87
G00000MEWKLZDJ_0 1 11 87 1
G00000MEWKLZDJ_0 11 87 1 1
G00000MEWKLZDJ_0 1 9 90
G00000MEWKLZDJ_0 9 91
G00000MEWKLZDJ_0 8 92
G00000MEWKLZDJ_0 7 93
G00000MEWKLZDJ_0 6 94
G00000MEWKLZDJ_0 1 4 95
G00000MEWKLZDJ_0 4 96
G00000MEWKLZDJ_0 1 1 1 97
G00000MEWKLZDJ_0 1 1 98
G00000MEWKLZDJ_0 1 98 1
G00000MEWKLZDJ_0 100
G00000MEWKLZDJ_0 100
G00000MEWKLZDJ_0 4 34 62
G00000MEWKLZDJ_0 1 1 1 34 63
G00000MEWKLZDJ_0 1 1 34 64
G00000MEWKLZDJ_0 1 34 65
G00000MEWKLZDJ_0 34 65 1
G00000MEWKLZDJ_0 1 12 8 9 3 67
G00000MEWKLZDJ_0 12 8 9 3 68
G00000MEWKLZDJ_0 1 10 8 9 3 69
G00000MEWKLZDJ_0 10 8 9 3 69 1
G00000MEWKLZDJ_0 1 1 3 4 8 9 3 71
G00000MEWKLZDJ_0 1 3 4 8 9 3 71 1
G00000MEWKLZDJ_0 3 4 8 9 3 73
G00000MEWKLZDJ_0 2 4 8 9 3 74
G00000MEWKLZDJ_0 1 4 8 9 3 75
G00000MEWKLZDJ_0 4 8 9 3 76
G00000MEWKLZDJ_0 3 8 9 3 77
G00000MEWKLZDJ_0 2 8 9 3 78
G00000MEWKLZDJ_0 1 8 9 3 79
G00000MEWKLZDJ_0 8 9 3 79 1
G00000MEWKLZDJ_0 2 2 3 9 3 81
G00000MEWKLZDJ_0 1 2 3 9 3 82
G00000MEWKLZDJ_0 2 3 9 3 83
G00000MEWKLZDJ_0 1 3 9 3 84
G00000MEWKLZDJ_0 3 9 3 85
G00000MEWKLZDJ_0 1 1 9 3 86
G00000MEWKLZDJ_0 1 9 3 87
G00000MEWKLZDJ_0 9 3 88
G00000MEWKLZDJ_0 8 3 89
G00000MEWKLZDJ_0 7 3 90
G00000MEWKLZDJ_0 1 1 1 1 1 1 3 90 1
G00000MEWKLZDJ_0 1 1 1 1 1 3 92
G00000MEWKLZDJ_0 1 1 1 1 3 93
G00000MEWKLZDJ_0 1 1 1 3 94
G00000MEWKLZDJ_0 1 1 3 94 1
G00000MEWKLZDJ_0 1 3 94 1 1
G00000MEWKLZDJ_0 3 94 3
G00000MEWKLZDJ_0 1 1 94 3 1
G00000MEWKLZDJ_0 1 94 5
G00000MEWKLZDJ_0 94 6
G00000MEWKLZDJ_0 12 10 24 47 7
G00000MEWKLZDJ_0 3 3 3 2 10 24 47 8
G00000MEWKLZDJ_0 1 1 3 3 2 10 24 47 9
G00000MEWKLZDJ_0 1 3 3 2 10 24 47 10
G00000MEWKLZDJ_0 3 3 2 10 24 47 11
G00000MEWKLZDJ_0 2 3 2 10 24 47 12
G00000MEWKLZDJ_0 1 3 2 10 24 47 13
G00000MEWKLZDJ_0 3 2 10 24 47 14
G00000MEWKLZDJ_0 1 1 2 10 24 47 14 1
G00000MEWKLZDJ_0 1 2 10 24 47 14 1 1
G00000MEWKLZDJ_0 2 10 24 47 17
G00000MEWKLZDJ_0 1 10 24 47 18
G00000MEWKLZDJ_0 10 24 47 19
G00000MEWKLZDJ_0 1 3 5 24 47 20
G00000MEWKLZDJ_0 3 5 24 47 21
G00000MEWKLZDJ_0 1 1 5 24 47 22
G00000MEWKLZDJ_0 1 5 24 47 23
G00000MEWKLZDJ_0 5 24 47 24
G00000MEWKLZDJ_0 2 2 24 47 25
G00000MEWKLZDJ_0 1 2 24 47 26
G00000MEWKLZDJ_0 2 24 47 27
G00000MEWKLZDJ_0 1 24 47 28
G00000MEWKLZDJ_0 24 47 29
G00000MEWKLZDJ_0 23 47 30
G00000MEWKLZDJ_0 2 2 5 2 4 7 47 30 1
G00000MEWKLZDJ_0 1 2 5 2 4 7 47 32
G00000MEWKLZDJ_0 2 5 2 4 7 47 32 1
G00000MEWKLZDJ_0 1 5 2 4 7 47 34
G00000MEWKLZDJ_0 5 2 4 7 47 35
G00000MEWKLZDJ_0 1 1 2 2 4 7 47 36
G00000MEWKLZDJ_0 1 2 2 4 7 47 36 1
G00000MEWKLZDJ_0 2 2 4 7 47 38
G00000MEWKLZDJ_0 1 2 4 7 47 38 1
G00000MEWKLZDJ_0 2 4 7 47 40
G00000MEWKLZDJ_0 1 4 7 47 41
G00000MEWKLZDJ_0 4 7 47 42
G00000MEWKLZDJ_0 3 7 47 42 1
G00000MEWKLZDJ_0 2 7 47 44
G00000MEWKLZDJ_0 1 7 47 45
G00000MEWKLZDJ_0 7 47 45 1
G00000MEWKLZDJ_0 1 1 4 47 47
G00000MEWKLZDJ_0 1 4 47 48
G00000MEWKLZDJ_0 4 47 49
G00000MEWKLZDJ_0 3 47 49 1
G00000MEWKLZDJ_0 1 1 47 51
G00000MEWKLZDJ_0 1 47 52
G00000MEWKLZDJ_0 47 53
G00000MEWKLZDJ_0 10 11 25 54
G00000MEWKLZDJ_0 1 1 6 1 11 25 55
G00000MEWKLZDJ_0 1 6 1 11 25 55 1
G00000MEWKLZDJ_0 6 1 11 25 55 1 1
G00000MEWKLZDJ_0 5 1 11 25 55 1 1 1
G00000MEWKLZDJ_0 2 2 1 11 25 55 4
G00000MEWKLZDJ_0 1 2 1 11 25 55 5
G00000MEWKLZDJ_0 2 1 11 25 55 6
G00000MEWKLZDJ_0 1 1 11 25 55 7
G00000MEWKLZDJ_0 1 11 25 55 8
G00000MEWKLZDJ_0 11 25 55 8 1
G00000MEWKLZDJ_0 2 4 4 25 55 10
G00000MEWKLZDJ_0 1 4 4 25 55 10 1
G00000MEWKLZDJ_0 4 4 25 55 12
G00000MEWKLZDJ_0 3 4 25 55 13
G00000MEWKLZDJ_0 2 4 25 55 14
G00000MEWKLZDJ_0 1 4 25 55 15
G00000MEWKLZDJ_0 4 25 55 16
G00000MEWKLZDJ_0 1 1 1 25 55 17
G00000MEWKLZDJ_0 1 1 25 55 17 1
G00000MEWKLZDJ_0 1 25 55 19
G00000MEWKLZDJ_0 25 55 20
G00000MEWKLZDJ_0 1 23 55 21
G00000MEWKLZDJ_0 23 55 22
G00000MEWKLZDJ_0 4 3 11 4 55 22 1
G00000MEWKLZDJ_0 3 3 11 4 55 24
G00000MEWKLZDJ_0 2 3 11 4 55 24 1
G00000MEWKLZDJ_0 1 3 11 4 55 26
G00000MEWKLZDJ_0 3 11 4 55 26 1
G00000MEWKLZDJ_0 1 1 11 4 55 28
G00000MEWKLZDJ_0 1 11 4 55 29
G00000MEWKLZDJ_0 11 4 55 29 1
G00000MEWKLZDJ_0 1 4 2 1 1 1 4 55 31
G00000MEWKLZDJ_0 4 2 1 1 1 4 55 32
G00000MEWKLZDJ_0 3 2 1 1 1 4 55 33
G00000MEWKLZDJ_0 2 2 1 1 1 4 55 34
G00000MEWKLZDJ_0 1 2 1 1 1 4 55 34 1
G00000MEWKLZDJ_0 2 1 1 1 4 55 36
G00000MEWKLZDJ_0 1 1 1 1 4 55 36 1
G00000MEWKLZDJ_0 1 1 1 4 55 38
G00000MEWKLZDJ_0 1 1 4 55 39
G00000MEWKLZDJ_0 1 4 55 40
G00000MEWKLZDJ_0 4 55 41
G00000MEWKLZDJ_0 1 2 55 41 1
G00000MEWKLZDJ_0 2 55 43
G00000MEWKLZDJ_0 1 55 44
G00000MEWKLZDJ_0 55 45
G00000MEWKLZDJ_0 13 41 46
G00000MEWKLZDJ_0 1 11 41 47
G00000MEWKLZDJ_0 11 41 48
G00000MEWKLZDJ_0 1 1 1 1 1 3 2 41 49
G00000MEWKLZDJ_0 1 1 1 1 3 2 41 50
G00000MEWKLZDJ_0 1 1 1 3 2 41 51
G00000MEWKLZDJ_0 1 1 3 2 41 52
G00000MEWKLZDJ_0 1 3 2 41 53
G00000MEWKLZDJ_0 3 2 41 54
G00000MEWKLZDJ_0 1 1 2 41 55
G00000MEWKLZDJ_0 1 2 41 55 1
G00000MEWKLZDJ_0 2 41 57
G00000MEWKLZDJ_0 1 41 58
G00000MEWKLZDJ_0 41 59
G00000MEWKLZDJ_0 15 25 60
G00000MEWKLZDJ_0 1 13 25 61
G00000MEWKLZDJ_0 13 25 62
G00000MEWKLZDJ_0 3 9 25 63
G00000MEWKLZDJ_0 2 9 25 64
G00000MEWKLZDJ_0 1 9 25 65
G00000MEWKLZDJ_0 9 25 65 1
G00000MEWKLZDJ_0 8 25 67
G00000MEWKLZDJ_0 1 6 25 68
G00000MEWKLZDJ_0 6 25 69
G00000MEWKLZDJ_0 3 1 1 25 70
G00000MEWKLZDJ_0 1 1 1 1 25 71
G00000MEWKLZDJ_0 1 1 1 25 71 1
G00000MEWKLZDJ_0 1 1 25 73
G00000MEWKLZDJ_0 1 25 74
G00000MEWKLZDJ_0 25 75
G00000MEWKLZDJ_0 1 10 3 4 6 76
G00000MEWKLZDJ_0 10 3 4 6 77
G00000MEWKLZDJ_0 2 1 2 4 3 4 6 78
G00000MEWKLZDJ_0 1 1 2 4 3 4 6 79
G00000ENK8ZXTQ_0 4 93 1 1 1
G00000ENK8ZXTQ_0 3 93 4
G00000ENK8ZXTQ_0 1 1 93 5
G00000ENK8ZXTQ_0 1 93 6
G00000ENK8ZXTQ_0 93 7
G00000ENK8ZXTQ_0 92 8
G00000ENK8ZXTQ_0 16 18 57 9
G00000ENK8ZXTQ_0 3 12 18 57 9 1
G00000ENK8ZXTQ_0 1 1 12 18 57 11
G00000ENK8ZXTQ_0 1 12 18 57 12
G00000ENK8ZXTQ_0 12 18 57 13
G00000ENK8ZXTQ_0 11 18 57 14
G00000ENK8ZXTQ_0 5 5 18 57 15
G00000ENK8ZXTQ_0 1 1 1 1 5 18 57 16
G00000ENK8ZXTQ_0 1 1 1 5 18 57 17
G00000ENK8ZXTQ_0 1 1 5 18 57 18
G00000ENK8ZXTQ_0 1 5 18 57 19
G00000ENK8ZXTQ_0 5 18 57 20
G00000ENK8ZXTQ_0 1 3 18 57 20 1
G00000ENK8ZXTQ_0 3 18 57 22
G00000ENK8ZXTQ_0 1 1 18 57 22 1
G00000ENK8ZXTQ_0 1 18 57 24
G00000ENK8ZXTQ_0 18 57 25
G00000ENK8ZXTQ_0 17 57 26
G00000ENK8ZXTQ_0 4 2 10 57 27
G00000ENK8ZXTQ_0 1 1 1 2 10 57 28
G00000ENK8ZXTQ_0 1 1 2 10 57 28 1
G00000ENK8ZXTQ_0 1 2 10 57 30
G00000ENK8ZXTQ_0 2 10 57 31
G00000ENK8ZXTQ_0 1 10 57 32
G00000ENK8ZXTQ_0 10 57 33
G00000ENK8ZXTQ_0 5 4 57 34
G00000ENK8ZXTQ_0 3 1 4 57 35
G00000ENK8ZXTQ_0 2 1 4 57 36
G00000ENK8ZXTQ_0 1 1 4 57 36 1
G00000ENK8ZXTQ_0 1 4 57 38
G00000ENK8ZXTQ_0 4 57 39
G00000ENK8ZXTQ_0 3 57 40
G00000ENK8ZXTQ_0 1 1 57 41
G00000ENK8ZXTQ_0 1 57 41 1
G00000ENK8ZXTQ_0 57 43
G00000ENK8ZXTQ_0 17 39 44
G00000ENK8ZXTQ_0 1 11 4 39 45
G00000ENK8ZXTQ_0 11 4 39 46
G00000ENK8ZXTQ_0 1 1 5 1 1 1 4 39 47
G00000ENK8ZXTQ_0 1 5 1 1 1 4 39 48
G00000ENK8ZXTQ_0 5 1 1 1 4 39 49
G00000ENK8ZXTQ_0 2 1 1 1 1 1 4 39 50
G00000ENK8ZXTQ_0 1 1 1 1 1 1 4 39 51
G00000ENK8ZXTQ_0 1 1 1 1 1 4 39 52
G00000ENK8ZXTQ_0 1 1 1 1 4 39 53
G00000ENK8ZXTQ_0 1 1 1 4 39 54
G00000ENK8ZXTQ_0 1 1 4 39 55
G00000ENK8ZXTQ_0 1 4 39 56
G00000ENK8ZXTQ_0 4 39 56 1
G00000ENK8ZXTQ_0 1 2 39 58
G00000ENK8ZXTQ_0 2 39 58 1
G00000ENK8ZXTQ_0 1 39 60
G00000ENK8ZXTQ_0 39 61
G00000ENK8ZXTQ_0 1 12 25 62
G00000ENK8ZXTQ_0 12 25 62 1
G00000ENK8ZXTQ_0 2 7 2 25 64
G00000ENK8ZXTQ_0 1 7 2 25 64 1
G00000ENK8ZXTQ_0 7 2 25 66
G00000ENK8ZXTQ_0 1 2 1 1 1 2 25 67
G00000ENK8ZXTQ_0 2 1 1 1 2 25 68
G00000ENK8ZXTQ_0 1 1 1 1 2 25 68 1
G00000ENK8ZXTQ_0 1 1 1 2 25 70
G00000ENK8ZXTQ_0 1 1 2 25 71
G00000ENK8ZXTQ_0 1 2 25 72
G00000ENK8ZXTQ_0 2 25 72 1
G00000ENK8ZXTQ_0 1 25 72 1 1
G00000ENK8ZXTQ_0 25 72 1 1 1
G00000ENK8ZXTQ_0 4 5 9 6 72 1 1 1 1
G00000ENK8ZXTQ_0 3 5 9 6 72 5
G00000ENK8ZXTQ_0 2 5 9 6 72 6
G00000ENK8ZXTQ_0 1 5 9 6 72 7
G00000ENK8ZXTQ_0 5 9 6 72 7 1
G00000ENK8ZXTQ_0 4 9 6 72 9
G00000ENK8ZXTQ_0 3 9 6 72 9 1
G00000ENK8ZXTQ_0 1 1 9 6 72 11
G00000ENK8ZXTQ_0 1 9 6 72 12
G00000ENK8ZXTQ_0 9 6 72 12 1
G00000ENK8ZXTQ_0 7 1 6 72 14
G00000ENK8ZXTQ_0 1 5 1 6 72 15
G00000ENK8ZXTQ_0 5 1 6 72 16
G00000ENK8ZXTQ_0 1 3 1 6 72 17
G00000ENK8ZXTQ_0 3 1 6 72 18
G00000ENK8ZXTQ_0 1 1 1 6 72 18 1
G00000ENK8ZXTQ_0 1 1 6 72 18 1 1
G00000ENK8ZXTQ_0 1 6 72 18 1 1 1
G00000ENK8ZXTQ_0 6 72 22
G00000ENK8ZXTQ_0 5 72 23
G00000ENK8ZXTQ_0 4 72 24
G00000ENK8ZXTQ_0 1 1 1 72 25
G00000ENK8ZXTQ_0 1 1 72 26
G00000ENK8ZXTQ_0 1 72 26 1
G00000ENK8ZXTQ_0 72 28
G00000ENK8ZXTQ_0 71 29
G00000ENK8ZXTQ_0 18 52 30
G00000ENK8ZXTQ_0 4 1 1 11 52 31
G00000ENK8ZXTQ_0 3 1 1 11 52 32
G00000ENK8ZXTQ_0 1 1 1 1 11 52 33
G00000ENK8ZXTQ_0 1 1 1 11 52 33 1
G00000ENK8ZXTQ_0 1 1 11 52 35
G00000ENK8ZXTQ_0 1 11 52 36
G00000ENK8ZXTQ_0 11 52 37
G00000ENK8ZXTQ_0 1 1 1 1 5 1 52 38
G00000ENK8ZXTQ_0 1 1 1 5 1 52 39
G00000ENK8ZXTQ_0 1 1 5 1 52 39 1
G00000ENK8ZXTQ_0 1 5 1 52 41
G00000ENK8ZXTQ_0 5 1 52 42
G00000ENK8ZXTQ_0 2 2 1 52 43
G00000ENK8ZXTQ_0 1 2 1 52 44
G00000ENK8ZXTQ_0 2 1 52 45
G00000ENK8ZXTQ_0 1 1 52 45 1
G00000ENK8ZXTQ_0 1 52 45 1 1
G00000ENK8ZXTQ_0 52 45 1 1 1
G00000ENK8ZXTQ_0 1 34 16 49
G00000ENK8ZXTQ_0 34 16 50
G00000ENK8ZXTQ_0 5 8 20 16 50 1
G00000ENK8ZXTQ_0 2 2 8 20 16 52
G00000ENK8ZXTQ_0 1 2 8 20 16 53
G00000ENK8ZXTQ_0 2 8 20 16 54
G00000ENK8ZXTQ_0 1 8 20 16 55
G00000ENK8ZXTQ_0 8 20 16 55 1
G00000ENK8ZXTQ_0 3 4 20 16 57
G00000ENK8ZXTQ_0 2 4 20 16 58
G00000ENK8ZXTQ_0 1 4 20 16 59
G00000ENK8ZXTQ_0 4 20 16 60
G00000ENK8ZXTQ_0 3 20 16 61
G00000ENK8ZXTQ_0 1 1 20 16 62
G00000ENK8ZXTQ_0 1 20 16 63
G00000ENK8ZXTQ_0 20 16 64
G00000ENK8ZXTQ_0 2 2 15 16 65
G00000ENK8ZXTQ_0 1 2 15 16 66
G00000ENK8ZXTQ_0 2 15 16 67
G00000ENK8ZXTQ_0 1 15 16 67 1
G00000ENK8ZXTQ_0 15 16 69
G00000ENK8ZXTQ_0 1 3 3 7 16 70
G00000ENK8ZXTQ_0 3 3 7 16 71
G00000ENK8ZXTQ_0 1 1 3 7 16 72
G00000ENK8ZXTQ_0 1 3 7 16 73
G00000ENK8ZXTQ_0 3 7 16 74
G00000ENK8ZXTQ_0 2 7 16 75
G00000ENK8ZXTQ_0 1 7 16 75 1
G00000ENK8ZXTQ_0 7 16 77
G00000ENK8ZXTQ_0 6 16 78
G00000ENK8ZXTQ_0 3 1 1 16 79
G00000ENK8ZXTQ_0 2 1 1 16 80
G00000ENK8ZXTQ_0 1 1 1 16 81
G00000ENK8ZXTQ_0 1 1 16 82
G00000ENK8ZXTQ_0 1 16 83
G00000ENK8ZXTQ_0 16 84
G00000ENK8ZXTQ_0 1 4 2 8 85
G00000ENK8ZXTQ_0 4 2 8 86
G00000ENK8ZXTQ_0 1 1 1 2 8 87
G00000ENK8ZXTQ_0 1 1 2 8 88
G00000ENK8ZXTQ_0 1 2 8 89
G00000ENK8ZXTQ_0 2 8 90
G00000ENK8ZXTQ_0 1 8 91
G00000ENK8ZXTQ_0 8 92
G00000ENK8ZXTQ_0 1 1 1 4 92 1
G00000ENK8ZXTQ_0 1 1 4 94
G00000ENK8ZXTQ_0 1 4 95
G00000ENK8ZXTQ_0 4 95 1
G00000ENK8ZXTQ_0 1 2 97
G00000ENK8ZXTQ_0 2 98
G00000ENK8ZXTQ_0 1 99
G00000ENK8ZXTQ_0 100
G00000ENK8ZXTQ_0 44 55 1
G00000ENK8ZXTQ_0 16 27 57
G00000ENK8ZXTQ_0 9 6 27 58
G00000ENK8ZXTQ_0 3 5 6 27 59
G00000ENK8ZXTQ_0 1 1 5 6 27 60
G00000ENK8ZXTQ_0 1 5 6 27 61
G00000ENK8ZXTQ_0 5 6 27 62
G00000ENK8ZXTQ_0 1 3 6 27 62 1
G00000ENK8ZXTQ_0 3 6 27 64
G00000ENK8ZXTQ_0 1 1 6 27 65
G00000ENK8ZXTQ_0 1 6 27 65 1
G00000ENK8ZXTQ_0 6 27 67
G00000ENK8ZXTQ_0 5 27 67 1
G00000ENK8ZXTQ_0 4 27 67 1 1
G00000ENK8ZXTQ_0 1 2 27 70
G00000ENK8ZXTQ_0 2 27 71
G00000ENK8ZXTQ_0 1 27 72
G00000ENK8ZXTQ_0 27 72 1
G00000ENK8ZXTQ_0 26 74
G00000ENK8ZXTQ_0 6 19 75
G00000ENK8ZXTQ_0 1 3 1 19 75 1
G00000ENK8ZXTQ_0 3 1 19 77
G00000ENK8ZXTQ_0 1 1 1 19 78
G00000ENK8ZXTQ_0 1 1 19 79
G00000ENK8ZXTQ_0 1 19 80
G00000ENK8ZXTQ_0 19 80 1
G00000ENK8ZXTQ_0 1 5 6 6 80 1 1
G00000ENK8ZXTQ_0 5 6 6 83
G00000ENK8ZXTQ_0 4 6 6 84
G00000ENK8ZXTQ_0 1 2 6 6 85
G00000ENK8ZXTQ_0 2 6 6 86
G00000ENK8ZXTQ_0 1 6 6 86 1
G00000ENK8ZXTQ_0 6 6 88
G00000ENK8ZXTQ_0 1 1 3 6 89
G00000ENK8ZXTQ_0 1 3 6 90
G00000ENK8ZXTQ_0 3 6 90 1
G00000ENK8ZXTQ_0 2 6 90 1 1
G00000ENK8ZXTQ_0 1 6 90 1 1 1
G00000ENK8ZXTQ_0 6 90 4
G00000ENK8ZXTQ_0 1 2 2 95
G00000ENK8ZXTQ_0 2 2 96
G00000ENK8ZXTQ_0 1 2 97
G00000ENK8ZXTQ_0 2 98
G00000ENK8ZXTQ_0 1 99
G00000ENK8ZXTQ_0 100
G00000ENK8ZXTQ_0 89 11
G00000ENK8ZXTQ_0 60 3 2 13 10 12
G00000ENK8ZXTQ_0 1 1 17 8 32 3 2 13 10 13
G00000ENK8ZXTQ_0 1 17 8 32 3 2 13 10 14
G00000ENK8ZXTQ_0 17 8 32 3 2 13 10 15
G00000ENK8ZXTQ_0 1 1 1 1 12 8 32 3 2 13 10 16
G00000ENK8ZXTQ_0 1 1 1 12 8 32 3 2 13 10 17
G00000ENK8ZXTQ_0 1 1 12 8 32 3 2 13 10 18
G00000ENK8ZXTQ_0 1 12 8 32 3 2 13 10 18 1
G00000ENK8ZXTQ_0 12 8 32 3 2 13 10 20
G00000ENK8ZXTQ_0 1 1 8 1 8 32 3 2 13 10 21
G00000ENK8ZXTQ_0 1 8 1 8 32 3 2 13 10 22
G00000ENK8ZXTQ_0 8 1 8 32 3 2 13 10 23
G00000ENK8ZXTQ_0 4 3 1 8 32 3 2 13 10 24
G00000ENK8ZXTQ_0 3 3 1 8 32 3 2 13 10 25
G00000ENK8ZXTQ_0 1 1 3 1 8 32 3 2 13 10 26
G00000ENK8ZXTQ_0 1 3 1 8 32 3 2 13 10 27
G00000ENK8ZXTQ_0 3 1 8 32 3 2 13 10 28
G00000ENK8ZXTQ_0 2 1 8 32 3 2 13 10 29
G00000ENK8ZXTQ_0 1 1 8 32 3 2 13 10 30
G00000ENK8ZXTQ_0 1 8 32 3 2 13 10 31
G00000ENK8ZXTQ_0 8 32 3 2 13 10 32
G00000ENK8ZXTQ_0 5 1 1 32 3 2 13 10 33
G00000ENK8ZXTQ_0 1 1 1 1 1 1 32 3 2 13 10 34
G00000ENK8ZXTQ_0 1 1 1 1 1 32 3 2 13 10 35
G00000ENK8ZXTQ_0 1 1 1 1 32 3 2 13 10 36
G00000ENK8ZXTQ_0 1 1 1 32 3 2 13 10 36 1
G00000ENK8ZXTQ_0 1 1 32 3 2 13 10 36 1 1
G00000ENK8ZXTQ_0 1 32 3 2 13 10 39
G00000ENK8ZXTQ_0 32 3 2 13 10 39 1
G00000ENK8ZXTQ_0 9 2 5 15 3 2 13 10 41
G00000ENK8ZXTQ_0 1 7 2 5 15 3 2 13 10 42
G00000ENK8ZXTQ_0 7 2 5 15 3 2 13 10 43
G00000ENK8ZXTQ_0 1 5 2 5 15 3 2 13 10 44
G00000ENK8ZXTQ_0 5 2 5 15 3 2 13 10 45
G00000ENK8ZXTQ_0 1 3 2 5 15 3 2 13 10 46
G00000ENK8ZXTQ_0 3 2 5 15 3 2 13 10 47
G00000ENK8ZXTQ_0 2 2 5 15 3 2 13 10 48
G00000ENK8ZXTQ_0 1 2 5 15 3 2 13 10 49
G00000ENK8ZXTQ_0 2 5 15 3 2 13 10 50
G00000ENK8ZXTQ_0 1 5 15 3 2 13 10 50 1
G00000ENK8ZXTQ_0 5 15 3 2 13 10 52
G00000ENK8ZXTQ_0 4 15 3 2 13 10 53
G00000ENK8ZXTQ_0 3 15 3 2 13 10 54
G00000ENK8ZXTQ_0 2 15 3 2 13 10 54 1
G00000ENK8ZXTQ_0 1 15 3 2 13 10 56
G00000ENK8ZXTQ_0 15 3 2 13 10 56 1
G00000ENK8ZXTQ_0 2 12 3 2 13 10 58
G00000ENK8ZXTQ_0 1 12 3 2 13 10 59
G00000ENK8ZXTQ_0 12 3 2 13 10 59 1
G00000ENK8ZXTQ_0 1 3 7 3 2 13 10 61
G00000ENK8ZXTQ_0 3 7 3 2 13 10 62
G00000ENK8ZXTQ_0 2 7 3 2 13 10 63
G00000ENK8ZXTQ_0 1 7 3 2 13 10 64
G00000ENK8ZXTQ_0 7 3 2 13 10 65
G00000ENK8ZXTQ_0 2 3 1 3 2 13 10 66
G00000ENK8ZXTQ_0 1 3 1 3 2 13 10 66 1
G00000ENK8ZXTQ_0 3 1 3 2 13 10 68
G00000ENK8ZXTQ_0 2 1 3 2 13 10 68 1
G00000ENK8ZXTQ_0 1 1 3 2 13 10 70
G00000ENK8ZXTQ_0 1 3 2 13 10 71
G00000ENK8ZXTQ_0 3 2 13 10 72
G00000ENK8ZXTQ_0 1 1 2 13 10 73
G00000ENK8ZXTQ_0 1 2 13 10 74
G00000ENK8ZXTQ_0 2 13 10 75
G00000ENK8ZXTQ_0 1 13 10 76
G00000ENK8ZXTQ_0 13 10 77
G00000ENK8ZXTQ_0 4 8 10 78
G00000ENK8ZXTQ_0 2 1 8 10 78 1
G00000ENK8ZXTQ_0 1 1 8 10 80
G00000ENK8ZXTQ_0 1 8 10 81
G00000ENK8ZXTQ_0 8 10 82
G00000ENK8ZXTQ_0 1 1 5 10 83
G00000ENK8ZXTQ_0 1 5 10 84
G00000ENK8ZXTQ_0 5 10 85
G00000ENK8ZXTQ_0 2 1 1 10 86
G00000ENK8ZXTQ_0 1 1 1 10 87
G00000ENK8ZXTQ_0 1 1 10 87 1
G00000ENK8ZXTQ_0 1 10 89
G00000ENK8ZXTQ_0 10 90
G00000ENK8ZXTQ_0 9 91
G00000ENK8ZXTQ_0 2 1 1 4 92
G00000ENK8ZXTQ_0 1 1 1 4 93
G00000ENK8ZXTQ_0 1 1 4 93 1
G00000ENK8ZXTQ_0 1 4 93 1 1
G00000IOJMH0ET_0 3 3 94
G00000IOJMH0ET_0 1 1 3 95
G00000IOJMH0ET_0 1 3 96
G00000IOJMH0ET_0 3 97
G00000IOJMH0ET_0 2 98
G00000IOJMH0ET_0 1 98 1
G00000IOJMH0ET_0 100
G00000IOJMH0ET_0 100
G00000IOJMH0ET_0 51 49
G00000IOJMH0ET_0 9 5 36 50
G00000IOJMH0ET_0 8 5 36 50 1
G00000IOJMH0ET_0 5 2 5 36 52
G00000IOJMH0ET_0 1 1 2 2 5 36 53
G00000IOJMH0ET_0 1 2 2 5 36 54
G00000IOJMH0ET_0 2 2 5 36 55
G00000IOJMH0ET_0 1 2 5 36 56
G00000IOJMH0ET_0 2 5 36 57
G00000IOJMH0ET_0 1 5 36 57 1
G00000IOJMH0ET_0 5 36 59
G00000IOJMH0ET_0 1 3 36 60
G00000IOJMH0ET_0 3 36 61
G00000IOJMH0ET_0 1 1 36 62
G00000IOJMH0ET_0 1 36 63
G00000IOJMH0ET_0 36 64
G00000IOJMH0ET_0 1 12 22 65
G00000IOJMH0ET_0 12 22 66
G00000IOJMH0ET_0 11 22 66 1
G00000IOJMH0ET_0 8 1 1 22 68
G00000IOJMH0ET_0 7 1 1 22 69
G00000IOJMH0ET_0 1 1 4 1 1 22 69 1
G00000IOJMH0ET_0 1 4 1 1 22 71
G00000IOJMH0ET_0 4 1 1 22 72
G00000IOJMH0ET_0 1 1 1 1 1 22 73
G00000IOJMH0ET_0 1 1 1 1 22 74
G00000IOJMH0ET_0 1 1 1 22 74 1
G00000IOJMH0ET_0 1 1 22 74 1 1
G00000IOJMH0ET_0 1 22 77
G00000IOJMH0ET_0 22 78
G00000IOJMH0ET_0 1 1 19 79
G00000IOJMH0ET_0 1 19 79 1
G00000IOJMH0ET_0 19 81
G00000IOJMH0ET_0 4 6 3 2 3 82
G00000IOJMH0ET_0 3 6 3 2 3 83
G00000IOJMH0ET_0 1 1 6 3 2 3 84
G00000IOJMH0ET_0 1 6 3 2 3 85
G00000IOJMH0ET_0 6 3 2 3 86
G00000IOJMH0ET_0 5 3 2 3 86 1
G00000IOJMH0ET_0 1 3 3 2 3 86 1 1
G00000IOJMH0ET_0 3 3 2 3 89
G00000IOJMH0ET_0 1 1 3 2 3 90
G00000IOJMH0ET_0 1 3 2 3 91
G00000IOJMH0ET_0 3 2 3 92
G00000IOJMH0ET_0 2 2 3 93
G00000IOJMH0ET_0 1 2 3 94
G00000IOJMH0ET_0 2 3 95
G00000IOJMH0ET_0 1 3 96
G00000IOJMH0ET_0 3 97
G00000IOJMH0ET_0 1 1 98
G00000IOJMH0ET_0 1 99
G00000IOJMH0ET_0 100
G00000IOJMH0ET_0 14 4 3 79
G00000IOJMH0ET_0 10 3 4 3 80
G00000IOJMH0ET_0 2 2 5 3 4 3 81
G00000IOJMH0ET_0 1 2 5 3 4 3 82
G00000IOJMH0ET_0 2 5 3 4 3 83
G00000IOJMH0ET_0 1 5 3 4 3 83 1
G00000IOJMH0ET_0 5 3 4 3 83 1 1
G00000IOJMH0ET_0 4 3 4 3 83 3
G00000IOJMH0ET_0 3 3 4 3 87
G00000IOJMH0ET_0 2 3 4 3 88
G00000IOJMH0ET_0 1 3 4 3 89
G00000IOJMH0ET_0 3 4 3 89 1
G00000IOJMH0ET_0 2 4 3 91
G00000IOJMH0ET_0 1 4 3 92
G00000IOJMH0ET_0 4 3 93
G00000IOJMH0ET_0 3 3 94
G00000IOJMH0ET_0 2 3 95
G00000IOJMH0ET_0 1 3 96
G00000IOJMH0ET_0 3 96 1
G00000IOJMH0ET_0 1 1 98
G00000IOJMH0ET_0 1 99
G00000IOJMH0ET_0 100
G00000IOJMH0ET_0 22 29 31 18
G00000IOJMH0ET_0 1 3 1 1 15 29 31 19
G00000IOJMH0ET_0 3 1 1 15 29 31 20
G00000IOJMH0ET_0 1 1 1 1 15 29 31 21
G00000IOJMH0ET_0 1 1 1 15 29 31 22
G00000IOJMH0ET_0 1 1 15 29 31 23
G00000IOJMH0ET_0 1 15 29 31 24
G00000IOJMH0ET_0 15 29 31 24 1
G00000IOJMH0ET_0 2 5 5 1 1 29 31 26
G00000IOJMH0ET_0 1 5 5 1 1 29 31 27
G00000IOJMH0ET_0 5 5 1 1 29 31 27 1
G00000IOJMH0ET_0 1 3 5 1 1 29 31 29
G00000IOJMH0ET_0 3 5 1 1 29 31 30
G00000IOJMH0ET_0 1 1 5 1 1 29 31 31
G00000IOJMH0ET_0 1 5 1 1 29 31 32
G00000IOJMH0ET_0 5 1 1 29 31 33
G00000IOJMH0ET_0 4 1 1 29 31 34
G00000IOJMH0ET_0 3 1 1 29 31 35
G00000IOJMH0ET_0 2 1 1 29 31 35 1
G00000IOJMH0ET_0 1 1 1 29 31 37
G00000IOJMH0ET_0 1 1 29 31 38
G00000IOJMH0ET_0 1 29 31 39
G00000IOJMH0ET_0 29 31 39 1
G00000IOJMH0ET_0 1 1 1 1 24 31 41
G00000IOJMH0ET_0 1 1 1 24 31 42
G00000IOJMH0ET_0 1 1 24 31 43
G00000IOJMH0ET_0 1 24 31 44
G00000IOJMH0ET_0 24 31 45
G00000IOJMH0ET_0 1 5 9 8 31 46
G00000IOJMH0ET_0 5 9 8 31 47
G00000IOJMH0ET_0 4 9 8 31 47 1
G00000IOJMH0ET_0 1 1 1 9 8 31 49
G00000IOJMH0ET_0 1 1 9 8 31 50
G00000IOJMH0ET_0 1 9 8 31 50 1
G00000IOJMH0ET_0 9 8 31 52
G00000IOJMH0ET_0 1 4 2 1 8 31 53
G00000IOJMH0ET_0 4 2 1 8 31 54
G00000IOJMH0ET_0 1 1 1 2 1 8 31 54 1
G00000IOJMH0ET_0 1 1 2 1 8 31 56
G00000IOJMH0ET_0 1 2 1 8 31 57
G00000IOJMH0ET_0 2 1 8 31 58
G00000IOJMH0ET_0 1 1 8 31 58 1
G00000IOJMH0ET_0 1 8 31 60
G00000IOJMH0ET_0 8 31 61
G00000IOJMH0ET_0 1 1 5 31 62
G00000IOJMH0ET_0 1 5 31 63
G00000IOJMH0ET_0 5 31 64
G00000IOJMH0ET_0 1 1 1 1 31 65
G00000IOJMH0ET_0 1 1 1 31 65 1
G00000IOJMH0ET_0 1 1 31 65 1 1
G00000IOJMH0ET_0 1 31 65 3
G00000IOJMH0ET_0 31 65 4
G00000IOJMH0ET_0 11 19 65 4 1
G00000IOJMH0ET_0 2 1 7 19 65 6
G00000IOJMH0ET_0 1 1 7 19 65 7
G00000IOJMH0ET_0 1 7 19 65 8
G00000IOJMH0ET_0 7 19 65 9
G00000IOJMH0ET_0 1 1 1 1 2 19 65 10
G00000IOJMH0ET_0 1 1 1 2 19 65 11
G00000IOJMH0ET_0 1 1 2 19 65 12
G00000IOJMH0ET_0 1 2 19 65 13
G00000IOJMH0ET_0 2 19 65 14
G00000IOJMH0ET_0 1 19 65 14 1
G00000IOJMH0ET_0 19 65 16
G00000IOJMH0ET_0 18 65 17
G00000IOJMH0ET_0 1 1 3 11 1 65 18
G00000IOJMH0ET_0 1 3 11 1 65 18 1
G00000IOJMH0ET_0 3 11 1 65 18 1 1
G00000IOJMH0ET_0 2 11 1 65 18 3
G00000IOJMH0ET_0 1 11 1 65 18 4
G00000IOJMH0ET_0 11 1 65 23
G00000IOJMH0ET_0 10 1 65 24
G00000IOJMH0ET_0 9 1 65 25
G00000IOJMH0ET_0 3 5 1 65 26
G00000IOJMH0ET_0 1 1 5 1 65 27
G00000IOJMH0ET_0 1 5 1 65 28
G00000IOJMH0ET_0 5 1 65 29
G00000IOJMH0ET_0 1 3 1 65 30
G00000IOJMH0ET_0 3 1 65 30 1
G00000IOJMH0ET_0 1 1 1 65 32
G00000IOJMH0ET_0 1 1 65 32 1
G00000IOJMH0ET_0 1 65 34
G00000IOJMH0ET_0 65 35
G00000IOJMH0ET_0 5 29 15 15 36
G00000IOJMH0ET_0 3 1 29 15 15 36 1
G00000IOJMH0ET_0 2 1 29 15 15 38
G00000IOJMH0ET_0 1 1 29 15 15 39
G00000IOJMH0ET_0 1 29 15 15 40
G00000IOJMH0ET_0 29 15 15 41
G00000IOJMH0ET_0 2 4 22 15 15 41 1
G00000IOJMH0ET_0 1 4 22 15 15 43
G00000IOJMH0ET_0 4 22 15 15 44
G00000IOJMH0ET_0 1 1 1 22 15 15 45
G00000IOJMH0ET_0 1 1 22 15 15 46
G00000IOJMH0ET_0 1 22 15 15 47
G00000IOJMH0ET_0 22 15 15 48
G00000IOJMH0ET_0 1 6 1 1 1 11 15 15 49
G00000IOJMH0ET_0 6 1 1 1 11 15 15 50
G00000IOJMH0ET_0 2 3 1 1 1 11 15 15 51
G00000IOJMH0ET_0 1 3 1 1 1 11 15 15 52
G00000IOJMH0ET_0 3 1 1 1 11 15 15 53
G00000IOJMH0ET_0 1 1 1 1 1 11 15 15 54
G00000IOJMH0ET_0 1 1 1 1 11 15 15 55
G00000IOJMH0ET_0 1 1 1 11 15 15 56
G00000IOJMH0ET_0 1 1 11 15 15 57
G00000IOJMH0ET_0 1 11 15 15 57 1
G00000IOJMH0ET_0 11 15 15 59
G00000IOJMH0ET_0 1 1 8 15 15 59 1
G00000IOJMH0ET_0 1 8 15 15 59 1 1
G00000IOJMH0ET_0 8 15 15 59 3
G00000IOJMH0ET_0 1 1 1 4 15 15 59 4
G00000IOJMH0ET_0 1 1 4 15 15 59 5
G00000IOJMH0ET_0 1 4 15 15 59 6
G00000IOJMH0ET_0 4 15 15 59 6 1
G00000IOJMH0ET_0 3 15 15 59 8
G00000IOJMH0ET_0 2 15 15 59 8 1
G00000IOJMH0ET_0 1 15 15 59 10
G00000IOJMH0ET_0 15 15 59 10 1
G00000IOJMH0ET_0 2 1 8 3 15 59 12
G00000IOJMH0ET_0 1 1 8 3 15 59 12 1
G00000IOJMH0ET_0 1 8 3 15 59 14
G00000IOJMH0ET_0 8 3 15 59 15
G00000IOJMH0ET_0 1 2 4 3 15 59 15 1
G00000IOJMH0ET_0 2 4 3 15 59 15 1 1
G00000IOJMH0ET_0 1 4 3 15 59 15 3
G00000IOJMH0ET_0 4 3 15 59 15 3 1
G00000IOJMH0ET_0 3 3 15 59 15 3 1 1
G00000IOJMH0ET_0 2 3 15 59 15 3 1 1 1
G00000IOJMH0ET_0 1 3 15 59 15 3 4
G00000IOJMH0ET_0 3 15 59 15 3 5
G00000IOJMH0ET_0 1 1 15 59 15 3 6
G00000IOJMH0ET_0 1 15 59 15 3 7
G00000IOJMH0ET_0 15 59 15 3 8
G00000IOJMH0ET_0 1 1 1 11 59 15 3 9
G00000IOJMH0ET_0 1 1 11 59 15 3 10
G00000IOJMH0ET_0 1 11 59 15 3 11
G00000IOJMH0ET_0 11 59 15 3 12
G00000IOJMH0ET_0 2 1 7 59 15 3 12 1
G00000IOJMH0ET_0 1 1 7 59 15 3 14
G00000IOJMH0ET_0 1 7 59 15 3 15
G00000IOJMH0ET_0 7 59 15 3 16
G00000IOJMH0ET_0 1 5 59 15 3 17
G00000IOJMH0ET_0 5 59 15 3 17 1
G00000IOJMH0ET_0 1 1 1 1 59 15 3 19
G00000IOJMH0ET_0 1 1 1 59 15 3 20
G00000IOJMH0ET_0 1 1 59 15 3 21
G00000IOJMH0ET_0 1 59 15 3 22
G00000IOJMH0ET_0 59 15 3 23
G00000IOJMH0ET_0 3 14 41 15 3 24
G00000IOJMH0ET_0 1 1 14 41 15 3 25
G00000IOJMH0ET_0 1 14 41 15 3 26
G00000IOJMH0ET_0 14 41 15 3 27
G00000IOJMH0ET_0 3 3 3 4 41 15 3 28
G00000IOJMH0ET_0 2 3 3 4 41 15 3 29
G00000IOJMH0ET_0 1 3 3 4 41 15 3 30
G00000IOJMH0ET_0 3 3 4 41 15 3 31
G00000IOJMH0ET_0 1 1 3 4 41 15 3 31 1
G00000IOJMH0ET_0 1 3 4 41 15 3 33
G00000IOJMH0ET_0 3 4 41 15 3 34
G00000IOJMH0ET_0 2 4 41 15 3 34 1
G00000IOJMH0ET_0 1 4 41 15 3 36
G00000IOJMH0ET_0 4 41 15 3 37
G00000IOJMH0ET_0 1 1 1 41 15 3 38
G00000IOJMH0ET_0 1 1 41 15 3 39
G00000IOJMH0ET_0 1 41 15 3 40
G00000IOJMH0ET_0 41 15 3 41
G00000IOJMH0ET_0 11 6 21 2 15 3 42
G00000IOJMH0ET_0 1 2 6 1 6 21 2 15 3 43
G00000IOJMH0ET_0 2 6 1 6 21 2 15 3 44
G00000IOJMH0ET_0 1 6 1 6 21 2 15 3 45
G00000IOJMH0ET_0 6 1 6 21 2 15 3 46
G00000IOJMH0ET_0 1 1 3 1 6 21 2 15 3 47
G00000IOJMH0ET_0 1 3 1 6 21 2 15 3 48
G00000IOJMH0ET_0 3 1 6 21 2 15 3 49
G00000IOJMH0ET_0 2 1 6 21 2 15 3 50
G00000IOJMH0ET_0 1 1 6 21 2 15 3 50 1
G00000IOJMH0ET_0 1 6 21 2 15 3 52
G00000IOJMH0ET_0 6 21 2 15 3 53
G00000IOJMH0ET_0 1 4 21 2 15 3 53 1
G00000IOJMH0ET_0 4 21 2 15 3 53 1 1
G00000IOJMH0ET_0 1 1 1 21 2 15 3 56
G00000IOJMH0ET_0 1 1 21 2 15 3 57
G00000IOJMH0ET_0 1 21 2 15 3 58
G00000IOJMH0ET_0 21 2 15 3 59
G00000IOJMH0ET_0 4 16 2 15 3 60
G00000IOJMH0ET_0 1 1 1 16 2 15 3 61
G00000IOJMH0ET_0 1 1 16 2 15 3 62
G00000IOJMH0ET_0 1 16 2 15 3 63
G00000IOJMH0ET_0 16 2 15 3 64
G00000IOJMH0ET_0 3 8 4 2 15 3 65
G00000IOJMH0ET_0 1 1 8 4 2 15 3 65 1
G00000IOJMH0ET_0 1 8 4 2 15 3 67
G00000IOJMH0ET_0 8 4 2 15 3 68
G00000IOJMH0ET_0 7 4 2 15 3 68 1
G00000IOJMH0ET_0 1 1 4 4 2 15 3 70
G00000IOJMH0ET_0 1 4 4 2 15 3 71
G00000IOJMH0ET_0 4 4 2 15 3 72
G00000IOJMH0ET_0 1 1 1 4 2 15 3 72 1
G00000IOJMH0ET_0 1 1 4 2 15 3 74
G00000IOJMH0ET_0 1 4 2 15 3 75
G00000IOJMH0ET_0 4 2 15 3 75 1
G00000IOJMH0ET_0 3 2 15 3 75 1 1
G00000IOJMH0ET_0 2 2 15 3 78
G00000IOJMH0ET_0 1 2 15 3 79
G00000IOJMH0ET_0 2 15 3 80
G00000IOJMH0ET_0 1 15 3 81
G00000IOJMH0ET_0 15 3 82
G00000IOJMH0ET_0 5 9 3 83
G00000IOJMH0ET_0 3 1 9 3 83 1
G00000IOJMH0ET_0 1 1 1 9 3 85
G00000IOJMH0ET_0 1 1 9 3 86
G00000IOJMH0ET_0 1 9 3 87
G00000IOJMH0ET_0 9 3 88
G00000IOJMH0ET_0 1 7 3 89
G00000IOJMH0ET_0 7 3 90
G00000IOJMH0ET_0 1 5 3 91
G00000IOJMH0ET_0 5 3 92
G00000IOJMH0ET_0 1 3 3 93
