JP_0 1 11 37 51
JP_0 11 37 52
JP_0 1 9 37 53
JP_0 9 37 54
JP_0 1 7 37 55
JP_0 7 37 56
JP_0 2 1 3 37 57
JP_0 1 1 3 37 58
JP_0 1 3 37 59
JP_0 3 37 60
JP_0 1 1 37 60 1
JP_0 1 37 62
JP_0 37 63
JP_0 2 1 11 22 63 1
JP_0 1 1 11 22 65
JP_0 1 11 22 66
JP_0 11 22 66 1
JP_0 1 9 22 68
JP_0 9 22 68 1
JP_0 1 6 1 22 68 1 1
JP_0 6 1 22 71
JP_0 5 1 22 72
JP_0 4 1 22 73
JP_0 3 1 22 74
JP_0 1 1 1 22 75
JP_0 1 1 22 76
JP_0 1 22 77
JP_0 22 78
JP_0 6 5 10 78 1
JP_0 1 4 5 10 78 1 1
JP_0 4 5 10 81
JP_0 1 2 5 10 82
JP_0 2 5 10 83
JP_0 1 5 10 84
JP_0 5 10 85
JP_0 1 3 10 86
JP_0 3 10 86 1
JP_0 1 1 10 88
JP_0 1 10 88 1
JP_0 10 90
JP_0 1 8 91
JP_0 8 92
JP_0 7 93
JP_0 6 94
JP_0 3 2 95
JP_0 1 1 2 95 1
JP_0 1 2 97
JP_0 2 98
JP_0 1 99
JP_0 99 1
JP_0 67 10 23
JP_0 6 60 10 24
JP_0 1 1 1 1 1 60 10 25
JP_0 1 1 1 1 60 10 26
JP_0 1 1 1 60 10 27
JP_0 1 1 60 10 28
JP_0 1 60 10 29
JP_0 60 10 30
JP_0 1 50 8 10 31
JP_0 50 8 10 32
JP_0 3 12 4 30 8 10 33
JP_0 1 1 12 4 30 8 10 34
JP_0 1 12 4 30 8 10 35
JP_0 12 4 30 8 10 35 1
JP_0 1 4 6 4 30 8 10 37
JP_0 4 6 4 30 8 10 38
JP_0 1 2 6 4 30 8 10 39
JP_0 2 6 4 30 8 10 40
JP_0 1 6 4 30 8 10 41
JP_0 6 4 30 8 10 41 1
JP_0 1 1 1 2 4 30 8 10 43
JP_0 1 1 2 4 30 8 10 44
JP_0 1 2 4 30 8 10 45
JP_0 2 4 30 8 10 46
JP_0 1 4 30 8 10 47
JP_0 4 30 8 10 47 1
JP_0 1 1 1 30 8 10 49
JP_0 1 1 30 8 10 50
JP_0 1 30 8 10 51
JP_0 30 8 10 52
JP_0 1 9 19 8 10 52 1
JP_0 9 19 8 10 54
JP_0 1 6 1 19 8 10 54 1
JP_0 6 1 19 8 10 56
JP_0 2 1 1 1 1 19 8 10 56 1
JP_0 1 1 1 1 1 19 8 10 58
JP_0 1 1 1 1 19 8 10 59
JP_0 1 1 1 19 8 10 60
JP_0 1 1 19 8 10 61
JP_0 1 19 8 10 62
JP_0 19 8 10 62 1
JP_0 1 1 16 8 10 64
JP_0 1 16 8 10 65
JP_0 16 8 10 66
JP_0 1 2 12 8 10 67
JP_0 2 12 8 10 68
JP_0 1 12 8 10 68 1
JP_0 12 8 10 70
JP_0 1 10 8 10 71
JP_0 10 8 10 72
JP_0 1 1 1 6 8 10 73
JP_0 1 1 6 8 10 73 1
JP_0 1 6 8 10 75
JP_0 6 8 10 76
JP_0 1 1 3 8 10 77
JP_0 1 3 8 10 78
JP_0 3 8 10 79
JP_0 2 8 10 80
JP_0 1 8 10 80 1
JP_0 8 10 82
JP_0 1 1 3 2 10 82 1
JP_0 1 3 2 10 84
JP_0 3 2 10 84 1
JP_0 1 1 2 10 86
JP_0 1 2 10 87
JP_0 2 10 88
JP_0 1 10 89
JP_0 10 89 1
JP_0 9 91
JP_0 1 5 1 1 92
JP_0 5 1 1 93
JP_0 4 1 1 94
JP_0 3 1 1 95
JP_0 1 1 1 1 95 1
JP_0 1 1 1 97
JP_0 1 1 97 1
JP_0 1 97 1 1
JP_0 100
JP_0 7 2 11 59 15 2 4
JP_0 1 5 2 11 59 15 2 5
JP_0 5 2 11 59 15 2 6
JP_0 4 2 11 59 15 2 7
JP_0 3 2 11 59 15 2 7 1
JP_0 2 2 11 59 15 2 9
JP_0 1 2 11 59 15 2 10
JP_0 2 11 59 15 2 11
JP_0 1 11 59 15 2 12
JP_0 11 59 15 2 13
JP_0 3 3 4 59 15 2 14
JP_0 1 1 3 4 59 15 2 14 1
JP_0 1 3 4 59 15 2 16
JP_0 3 4 59 15 2 17
JP_0 1 1 4 59 15 2 18
JP_0 1 4 59 15 2 18 1
JP_0 4 59 15 2 20
JP_0 1 2 59 15 2 20 1
JP_0 2 59 15 2 20 1 1
JP_0 1 59 15 2 20 3
JP_0 59 15 2 20 3 1
JP_0 3 2 8 6 39 15 2 20 5
JP_0 1 1 2 8 6 39 15 2 20 6
JP_0 1 2 8 6 39 15 2 20 7
JP_0 2 8 6 39 15 2 20 8
JP_0 1 8 6 39 15 2 20 9
JP_0 8 6 39 15 2 20 10
JP_0 3 2 2 6 39 15 2 20 11
JP_0 1 1 2 2 6 39 15 2 20 12
JP_0 1 2 2 6 39 15 2 20 13
JP_0 2 2 6 39 15 2 20 14
JP_0 1 2 6 39 15 2 20 15
JP_0 2 6 39 15 2 20 15 1
JP_0 1 6 39 15 2 20 17
JP_0 6 39 15 2 20 18
JP_0 1 1 1 2 39 15 2 20 18 1
JP_0 1 1 2 39 15 2 20 20
JP_0 1 2 39 15 2 20 21
JP_0 2 39 15 2 20 22
JP_0 1 39 15 2 20 23
JP_0 39 15 2 20 24
JP_0 4 1 5 28 15 2 20 24 1
JP_0 1 1 1 1 5 28 15 2 20 26
JP_0 1 1 1 5 28 15 2 20 27
JP_0 1 1 5 28 15 2 20 27 1
JP_0 1 5 28 15 2 20 29
JP_0 5 28 15 2 20 30
JP_0 1 1 1 1 28 15 2 20 30 1
JP_0 1 1 1 28 15 2 20 32
JP_0 1 1 28 15 2 20 33
JP_0 1 28 15 2 20 34
JP_0 28 15 2 20 35
JP_0 1 2 6 6 12 15 2 20 35 1
JP_0 2 6 6 12 15 2 20 37
JP_0 1 6 6 12 15 2 20 38
JP_0 6 6 12 15 2 20 38 1
JP_0 5 6 12 15 2 20 40
JP_0 4 6 12 15 2 20 41
JP_0 1 1 1 6 12 15 2 20 42
JP_0 1 1 6 12 15 2 20 43
JP_0 1 6 12 15 2 20 43 1
JP_0 6 12 15 2 20 45
JP_0 1 3 1 12 15 2 20 46
JP_0 3 1 12 15 2 20 47
JP_0 1 1 1 12 15 2 20 47 1
JP_0 1 1 12 15 2 20 49
JP_0 1 12 15 2 20 50
JP_0 12 15 2 20 51
JP_0 1 3 7 15 2 20 52
JP_0 3 7 15 2 20 53
JP_0 1 1 7 15 2 20 54
JP_0 1 7 15 2 20 55
JP_0 7 15 2 20 56
JP_0 1 4 1 15 2 20 57
JP_0 4 1 15 2 20 57 1
JP_0 3 1 15 2 20 57 1 1
JP_0 1 1 1 15 2 20 57 3
JP_0 1 1 15 2 20 61
JP_0 1 15 2 20 62
JP_0 15 2 20 62 1
JP_0 1 2 5 6 2 20 64
JP_0 2 5 6 2 20 64 1
JP_0 1 5 6 2 20 64 1 1
JP_0 5 6 2 20 64 1 1 1
JP_0 3 1 6 2 20 64 4
JP_0 1 1 1 6 2 20 64 5
JP_0 1 1 6 2 20 64 6
JP_0 1 6 2 20 64 7
JP_0 6 2 20 64 8
JP_0 5 2 20 64 8 1
JP_0 1 3 2 20 64 10
JP_0 3 2 20 64 10 1
JP_0 1 1 2 20 64 12
JP_0 1 2 20 64 13
JP_0 2 20 64 13 1
JP_0 1 20 64 13 1 1
JP_0 20 64 16
JP_0 6 7 4 2 64 16 1
JP_0 1 2 2 7 4 2 64 18
JP_0 2 2 7 4 2 64 18 1
JP_0 1 2 7 4 2 64 18 1 1
JP_0 2 7 4 2 64 21
JP_0 1 7 4 2 64 22
JP_0 7 4 2 64 23
JP_0 1 1 4 4 2 64 24
JP_0 1 4 4 2 64 25
JP_0 4 4 2 64 26
JP_0 1 1 1 4 2 64 27
JP_0 1 1 4 2 64 28
JP_0 1 4 2 64 29
JP_0 4 2 64 30
JP_0 1 1 1 2 64 31
JP_0 1 1 2 64 32
JP_0 1 2 64 33
JP_0 2 64 34
JP_0 1 64 34 1
JP_0 64 36
JP_0 2 12 15 27 7 37
JP_0 1 12 15 27 7 38
JP_0 12 15 27 7 39
JP_0 3 2 6 15 27 7 40
JP_0 1 1 2 6 15 27 7 41
JP_0 1 2 6 15 27 7 42
JP_0 2 6 15 27 7 43
JP_0 1 6 15 27 7 43 1
JP_0 6 15 27 7 45
JP_0 5 15 27 7 46
JP_0 2 2 15 27 7 47
JP_0 1 2 15 27 7 48
JP_0 2 15 27 7 49
JP_0 1 15 27 7 50
JP_0 15 27 7 51
JP_0 2 6 6 27 7 52
JP_0 1 6 6 27 7 53
JP_0 6 6 27 7 54
JP_0 1 1 1 1 1 6 27 7 55
JP_0 1 1 1 1 6 27 7 55 1
JP_0 1 1 1 6 27 7 57
JP_0 1 1 6 27 7 58
JP_0 1 6 27 7 59
JP_0 6 27 7 59 1
JP_0 1 1 3 27 7 61
JP_0 1 3 27 7 62
JP_0 3 27 7 62 1
JP_0 2 27 7 64
JP_0 1 27 7 65
JP_0 27 7 65 1
JP_0 3 1 12 10 7 67
JP_0 1 1 1 12 10 7 68
JP_0 1 1 12 10 7 69
JP_0 1 12 10 7 70
JP_0 12 10 7 70 1
JP_0 1 1 9 10 7 70 1 1
JP_0 1 9 10 7 73
JP_0 9 10 7 73 1
JP_0 1 1 1 1 4 10 7 75
JP_0 1 1 1 4 10 7 76
JP_0 1 1 4 10 7 77
JP_0 1 4 10 7 78
JP_0 4 10 7 78 1
JP_0 1 1 1 10 7 78 1 1
JP_0 1 1 10 7 81
JP_0 1 10 7 82
JP_0 10 7 83
JP_0 4 3 1 1 7 84
JP_0 1 1 1 3 1 1 7 85
JP_0 1 1 3 1 1 7 85 1
JP_0 1 3 1 1 7 87
JP_0 3 1 1 7 88
JP_0 1 1 1 1 7 89
JP_0 1 1 1 7 90
JP_0 1 1 7 91
JP_0 1 7 92
JP_0 7 93
JP_0 4 2 94
JP_0 1 1 1 2 95
JP_0 1 1 2 96
JP_0 1 2 97
JP_0 2 98
JP_0 1 99
JP_0 100
JP_0 12 5 60 23
JP_0 6 5 5 60 24
JP_0 3 2 5 5 60 25
JP_0 2 2 5 5 60 25 1
JP_0 1 2 5 5 60 25 1 1
JP_0 2 5 5 60 25 3
JP_0 1 5 5 60 25 3 1
JP_0 5 5 60 25 3 1 1
JP_0 1 3 5 60 25 3 3
JP_0 3 5 60 25 7
JP_0 1 1 5 60 25 8
JP_0 1 5 60 25 9
JP_0 5 60 25 10
JP_0 2 2 60 25 10 1
JP_0 1 2 60 25 12
JP_0 2 60 25 13
JP_0 1 60 25 14
JP_0 60 25 15
JP_0 51 8 25 15 1
JP_0 6 5 1 1 1 21 7 8 8 25 17
JP_0 3 2 5 1 1 1 21 7 8 8 25 18
JP_0 2 2 5 1 1 1 21 7 8 8 25 19
JP_0 1 2 5 1 1 1 21 7 8 8 25 19 1
JP_0 2 5 1 1 1 21 7 8 8 25 21
JP_0 1 5 1 1 1 21 7 8 8 25 22
JP_0 5 1 1 1 21 7 8 8 25 23
JP_0 4 1 1 1 21 7 8 8 25 24
JP_0 1 2 1 1 1 21 7 8 8 25 24 1
JP_0 2 1 1 1 21 7 8 8 25 24 1 1
JP_0 1 1 1 1 21 7 8 8 25 27
JP_0 1 1 1 21 7 8 8 25 28
JP_0 1 1 21 7 8 8 25 29
JP_0 1 21 7 8 8 25 30
JP_0 21 7 8 8 25 31
JP_0 1 6 1 12 7 8 8 25 31 1
JP_0 6 1 12 7 8 8 25 31 1 1
JP_0 2 3 1 12 7 8 8 25 34
JP_0 1 3 1 12 7 8 8 25 35
JP_0 3 1 12 7 8 8 25 36
JP_0 1 1 1 12 7 8 8 25 36 1
JP_0 1 1 12 7 8 8 25 36 1 1
JP_0 1 12 7 8 8 25 39
JP_0 12 7 8 8 25 40
JP_0 1 3 1 1 1 1 1 1 1 7 8 8 25 41
JP_0 3 1 1 1 1 1 1 1 7 8 8 25 42
JP_0 1 1 1 1 1 1 1 1 1 7 8 8 25 43
JP_0 1 1 1 1 1 1 1 1 7 8 8 25 43 1
JP_0 1 1 1 1 1 1 1 7 8 8 25 45
JP_0 1 1 1 1 1 1 7 8 8 25 45 1
JP_0 1 1 1 1 1 7 8 8 25 45 1 1
JP_0 1 1 1 1 7 8 8 25 45 3
JP_0 1 1 1 7 8 8 25 49
JP_0 1 1 7 8 8 25 50
JP_0 1 7 8 8 25 51
JP_0 7 8 8 25 52
JP_0 1 2 3 8 8 25 53
JP_0 2 3 8 8 25 53 1
JP_0 1 3 8 8 25 55
JP_0 3 8 8 25 55 1
JP_0 1 1 8 8 25 57
JP_0 1 8 8 25 57 1
JP_0 8 8 25 59
JP_0 1 1 5 8 25 60
JP_0 1 5 8 25 61
JP_0 5 8 25 62
JP_0 1 3 8 25 63
JP_0 3 8 25 63 1
JP_0 1 1 8 25 63 1 1
JP_0 1 8 25 63 3
JP_0 8 25 67
JP_0 7 25 68
JP_0 1 5 25 69
JP_0 5 25 70
JP_0 1 3 25 70 1
JP_0 3 25 72
JP_0 1 1 25 73
JP_0 1 25 73 1
JP_0 25 75
JP_0 24 75 1
JP_0 3 1 1 18 77
JP_0 2 1 1 18 78
JP_0 1 1 1 18 79
JP_0 1 1 18 80
JP_0 1 18 81
JP_0 18 81 1
JP_0 1 9 7 83
JP_0 9 7 84
JP_0 2 5 1 7 85
JP_0 1 5 1 7 85 1
JP_0 5 1 7 87
JP_0 2 2 1 7 88
JP_0 1 2 1 7 88 1
JP_0 2 1 7 90
JP_0 1 1 7 91
JP_0 1 7 91 1
JP_0 7 93
JP_0 3 3 93 1
JP_0 1 1 3 95
JP_0 1 3 96
JP_0 3 96 1
JP_0 1 1 96 1 1
JP_0 1 99
JP_0 100
JP_0 2 42 55 1
JP_0 1 42 57
JP_0 42 57 1
JP_0 6 14 21 59
JP_0 3 2 14 21 60
JP_0 1 1 2 14 21 60 1
JP_0 1 2 14 21 62
JP_0 2 14 21 63
JP_0 1 14 21 64
JP_0 14 21 64 1
JP_0 1 1 1 1 4 5 21 66
JP_0 1 1 1 4 5 21 66 1
JP_0 1 1 4 5 21 68
JP_0 1 4 5 21 69
JP_0 4 5 21 70
JP_0 1 1 1 5 21 71
JP_0 1 1 5 21 72
JP_0 1 5 21 72 1
JP_0 5 21 74
JP_0 1 1 1 1 21 75
JP_0 1 1 1 21 75 1
JP_0 1 1 21 77
JP_0 1 21 78
JP_0 21 78 1
JP_0 6 5 9 80
JP_0 3 1 1 5 9 81
JP_0 2 1 1 5 9 82
JP_0 1 1 1 5 9 83
JP_0 1 1 5 9 84
JP_0 1 5 9 84 1
JP_0 5 9 86
JP_0 4 9 87
JP_0 1 1 1 9 88
JP_0 1 1 9 89
JP_0 1 9 90
JP_0 9 90 1
JP_0 6 2 92
JP_0 3 1 1 2 93
JP_0 2 1 1 2 93 1
JP_0 1 1 1 2 93 1 1
JP_0 1 1 2 96
JP_0 1 2 97
JP_0 2 98
JP_0 1 99
JP_0 100
JP_0 7 10 82 1
JP_0 2 4 10 84
JP_0 1 4 10 85
JP_0 4 10 85 1
JP_0 3 10 87
JP_0 2 10 88
JP_0 1 10 88 1
JP_0 10 90
JP_0 1 8 90 1
JP_0 8 90 1 1
JP_0 1 6 93
JP_0 6 94
JP_0 1 3 1 94 1
JP_0 3 1 96
JP_0 1 1 1 96 1
JP_0 1 1 96 1 1
JP_0 1 99
JP_0 100
JP_0 17 10 5 57 11
JP_0 2 1 1 1 3 8 10 5 57 12
JP_0 1 1 1 1 3 8 10 5 57 13
JP_0 1 1 1 3 8 10 5 57 13 1
JP_0 1 1 3 8 10 5 57 15
JP_0 1 3 8 10 5 57 16
JP_0 3 8 10 5 57 17
JP_0 1 1 8 10 5 57 18
JP_0 1 8 10 5 57 19
JP_0 8 10 5 57 20
JP_0 1 6 10 5 57 21
JP_0 6 10 5 57 22
JP_0 1 4 10 5 57 22 1
JP_0 4 10 5 57 24
JP_0 2 1 10 5 57 25
JP_0 1 1 10 5 57 26
JP_0 1 10 5 57 27
JP_0 10 5 57 27 1
JP_0 3 6 5 57 29
JP_0 2 6 5 57 30
JP_0 1 6 5 57 31
JP_0 6 5 57 31 1
JP_0 1 1 3 5 57 33
JP_0 1 3 5 57 34
JP_0 3 5 57 34 1
JP_0 1 1 5 57 36
JP_0 1 5 57 37
JP_0 5 57 38
JP_0 1 3 57 39
JP_0 3 57 40
JP_0 1 1 57 41
JP_0 1 57 42
JP_0 57 42 1
JP_0 5 3 4 29 15 44
JP_0 1 1 2 3 4 29 15 45
JP_0 1 2 3 4 29 15 45 1
JP_0 2 3 4 29 15 47
JP_0 1 3 4 29 15 48
JP_0 3 4 29 15 49
JP_0 1 1 4 29 15 50
JP_0 1 4 29 15 51
JP_0 4 29 15 52
JP_0 3 29 15 53
JP_0 2 29 15 54
JP_0 1 29 15 54 1
JP_0 29 15 56
JP_0 1 6 3 3 15 15 57
JP_0 6 3 3 15 15 57 1
JP_0 1 4 3 3 15 15 57 1 1
JP_0 4 3 3 15 15 57 3
JP_0 3 3 3 15 15 57 3 1
JP_0 1 1 3 3 15 15 57 5
JP_0 1 3 3 15 15 57 6
JP_0 3 3 15 15 57 7
JP_0 1 1 3 15 15 57 8
JP_0 1 3 15 15 57 9
JP_0 3 15 15 57 9 1
JP_0 1 1 15 15 57 9 1 1
JP_0 1 15 15 57 9 3
JP_0 15 15 57 9 3 1
JP_0 4 1 9 15 57 9 5
JP_0 3 1 9 15 57 9 6
JP_0 2 1 9 15 57 9 7
JP_0 1 1 9 15 57 9 8
JP_0 1 9 15 57 9 9
JP_0 9 15 57 9 10
JP_0 5 3 15 57 9 10 1
JP_0 4 3 15 57 9 12
JP_0 3 3 15 57 9 13
JP_0 1 1 3 15 57 9 14
JP_0 1 3 15 57 9 15
JP_0 3 15 57 9 16
JP_0 1 1 15 57 9 16 1
JP_0 1 15 57 9 18
JP_0 15 57 9 18 1
JP_0 6 3 5 57 9 20
JP_0 1 1 3 3 5 57 9 21
JP_0 1 3 3 5 57 9 22
JP_0 3 3 5 57 9 23
JP_0 2 3 5 57 9 24
JP_0 1 3 5 57 9 25
JP_0 3 5 57 9 26
JP_0 2 5 57 9 27
JP_0 1 5 57 9 27 1
JP_0 5 57 9 29
JP_0 2 2 57 9 30
JP_0 1 2 57 9 31
JP_0 2 57 9 31 1
JP_0 1 57 9 33
JP_0 57 9 33 1
JP_0 3 2 51 9 35
JP_0 1 1 2 51 9 36
JP_0 1 2 51 9 37
JP_0 2 51 9 38
JP_0 1 51 9 39
JP_0 51 9 40
JP_0 6 14 27 3 9 41
JP_0 5 14 27 3 9 42
JP_0 2 2 14 27 3 9 42 1
JP_0 1 2 14 27 3 9 44
JP_0 2 14 27 3 9 45
JP_0 1 14 27 3 9 46
JP_0 14 27 3 9 47
JP_0 2 6 5 27 3 9 48
JP_0 1 6 5 27 3 9 49
JP_0 6 5 27 3 9 50
JP_0 3 2 5 27 3 9 51
JP_0 1 1 2 5 27 3 9 52
JP_0 1 2 5 27 3 9 53
JP_0 2 5 27 3 9 54
JP_0 1 5 27 3 9 54 1
JP_0 5 27 3 9 56
JP_0 3 1 27 3 9 57
JP_0 2 1 27 3 9 58
JP_0 1 1 27 3 9 59
JP_0 1 27 3 9 60
JP_0 27 3 9 61
JP_0 1 1 1 3 8 12 3 9 62
JP_0 1 1 3 8 12 3 9 63
JP_0 1 3 8 12 3 9 64
JP_0 3 8 12 3 9 64 1
JP_0 1 1 8 12 3 9 64 1 1
JP_0 1 8 12 3 9 64 1 1 1
JP_0 8 12 3 9 64 4
JP_0 1 1 1 4 12 3 9 64 5
JP_0 1 1 4 12 3 9 64 6
JP_0 1 4 12 3 9 64 7
JP_0 4 12 3 9 64 8
JP_0 3 12 3 9 64 8 1
JP_0 1 1 12 3 9 64 10
JP_0 1 12 3 9 64 10 1
JP_0 12 3 9 64 12
JP_0 1 1 9 3 9 64 13
JP_0 1 9 3 9 64 14
JP_0 9 3 9 64 14 1
JP_0 1 7 3 9 64 16
JP_0 7 3 9 64 17
JP_0 6 3 9 64 18
JP_0 5 3 9 64 19
JP_0 1 2 1 3 9 64 20
JP_0 2 1 3 9 64 20 1
JP_0 1 1 3 9 64 22
JP_0 1 3 9 64 23
JP_0 3 9 64 24
JP_0 1 1 9 64 25
JP_0 1 9 64 26
JP_0 9 64 26 1
JP_0 8 64 28
JP_0 1 6 64 29
JP_0 6 64 30
JP_0 1 3 1 64 30 1
JP_0 3 1 64 32
JP_0 1 1 1 64 32 1
JP_0 1 1 64 34
JP_0 1 64 35
JP_0 64 36
JP_0 63 37
JP_0 1 13 11 37 38
JP_0 13 11 37 39
JP_0 1 1 1 1 2 6 11 37 40
JP_0 1 1 1 2 6 11 37 41
JP_0 1 1 2 6 11 37 41 1
JP_0 1 2 6 11 37 43
JP_0 2 6 11 37 44
JP_0 1 6 11 37 44 1
JP_0 6 11 37 46
JP_0 2 1 2 11 37 47
JP_0 1 1 2 11 37 48
JP_0 1 2 11 37 48 1
JP_0 2 11 37 50
JP_1 1 35 64
JP_1 35 65
JP_1 1 29 2 2 65 1
JP_1 29 2 2 65 2
JP_1 1 2 1 24 2 2 68
JP_1 2 1 24 2 2 68 1
JP_1 1 1 24 2 2 68 1 1
JP_1 1 24 2 2 68 3
JP_1 24 2 2 68 4
JP_1 2 2 1 1 16 1 2 2 68 5
JP_1 1 2 1 1 16 1 2 2 68 5 1
JP_1 2 1 1 16 1 2 2 68 7
JP_1 1 1 1 16 1 2 2 68 7 1
JP_1 1 1 16 1 2 2 68 9
JP_1 1 16 1 2 2 68 9 1
JP_1 16 1 2 2 68 11
JP_1 7 8 1 2 2 68 12
JP_1 4 2 8 1 2 2 68 13
JP_1 1 1 1 2 8 1 2 2 68 14
JP_1 1 1 2 8 1 2 2 68 15
JP_1 1 2 8 1 2 2 68 16
JP_1 2 8 1 2 2 68 17
JP_1 1 8 1 2 2 68 18
JP_1 8 1 2 2 68 19
JP_1 7 1 2 2 68 20
JP_1 1 1 1 1 2 1 2 2 68 20 1
JP_1 1 1 1 2 1 2 2 68 22
JP_1 1 1 2 1 2 2 68 23
JP_1 1 2 1 2 2 68 24
JP_1 2 1 2 2 68 25
JP_1 1 1 2 2 68 26
JP_1 1 2 2 68 27
JP_1 2 2 68 28
JP_1 1 2 68 29
JP_1 2 68 30
JP_1 1 68 31
JP_1 68 31 1
JP_1 1 24 39 3 33
JP_1 24 39 3 34
JP_1 1 15 4 3 39 3 35
JP_1 15 4 3 39 3 36
JP_1 2 1 11 4 3 39 3 37
JP_1 1 1 11 4 3 39 3 38
JP_1 1 11 4 3 39 3 39
JP_1 11 4 3 39 3 40
JP_1 10 4 3 39 3 41
JP_1 1 1 1 1 5 4 3 39 3 42
JP_1 1 1 1 5 4 3 39 3 43
JP_1 1 1 5 4 3 39 3 44
JP_1 1 5 4 3 39 3 44 1
JP_1 5 4 3 39 3 46
JP_1 1 3 4 3 39 3 47
JP_1 3 4 3 39 3 48
JP_1 1 1 4 3 39 3 49
JP_1 1 4 3 39 3 50
JP_1 4 3 39 3 51
JP_1 2 1 3 39 3 52
JP_1 1 1 3 39 3 53
JP_1 1 3 39 3 54
JP_1 3 39 3 55
JP_1 1 1 39 3 56
JP_1 1 39 3 57
JP_1 39 3 57 1
JP_1 2 5 5 26 3 57 1 1
JP_1 1 5 5 26 3 57 1 1 1
JP_1 5 5 26 3 57 4
JP_1 1 2 1 5 26 3 57 5
JP_1 2 1 5 26 3 57 6
JP_1 1 1 5 26 3 57 6 1
JP_1 1 5 26 3 57 8
JP_1 5 26 3 57 9
JP_1 2 2 26 3 57 10
JP_1 1 2 26 3 57 11
JP_1 2 26 3 57 12
JP_1 1 26 3 57 13
JP_1 26 3 57 13 1
JP_1 1 1 1 1 5 16 3 57 15
JP_1 1 1 1 5 16 3 57 16
JP_1 1 1 5 16 3 57 17
JP_1 1 5 16 3 57 18
JP_1 5 16 3 57 18 1
JP_1 1 1 1 1 16 3 57 20
JP_1 1 1 1 16 3 57 21
JP_1 1 1 16 3 57 21 1
JP_1 1 16 3 57 23
JP_1 16 3 57 24
JP_1 15 3 57 25
JP_1 1 1 1 3 8 3 57 26
JP_1 1 1 3 8 3 57 27
JP_1 1 3 8 3 57 27 1
JP_1 3 8 3 57 29
JP_1 1 1 8 3 57 29 1
JP_1 1 8 3 57 31
JP_1 8 3 57 31 1
JP_1 1 1 5 3 57 31 1 1
JP_1 1 5 3 57 34
JP_1 5 3 57 35
JP_1 1 3 3 57 36
JP_1 3 3 57 37
JP_1 2 3 57 38
JP_1 1 3 57 39
JP_1 3 57 40
JP_1 1 1 57 41
JP_1 1 57 41 1
JP_1 57 43
JP_1 4 15 37 43 1
JP_1 1 1 1 15 37 45
JP_1 1 1 15 37 46
JP_1 1 15 37 46 1
JP_1 15 37 48
JP_1 1 2 11 37 49
JP_1 2 11 37 50
JP_1 1 11 37 51
JP_1 11 37 52
JP_1 1 3 3 1 1 1 37 53
JP_1 3 3 1 1 1 37 54
JP_1 1 1 3 1 1 1 37 55
JP_1 1 3 1 1 1 37 55 1
JP_1 3 1 1 1 37 57
JP_1 1 1 1 1 1 37 58
JP_1 1 1 1 1 37 59
JP_1 1 1 1 37 60
JP_1 1 1 37 61
JP_1 1 37 62
JP_1 37 63
JP_1 10 26 64
JP_1 1 6 2 26 64 1
JP_1 6 2 26 64 1 1
JP_1 1 4 2 26 67
JP_1 4 2 26 67 1
JP_1 1 1 1 2 26 69
JP_1 1 1 2 26 70
JP_1 1 2 26 70 1
JP_1 2 26 72
JP_1 1 26 72 1
JP_1 26 74
JP_1 1 11 13 75
JP_1 11 13 76
JP_1 6 4 13 77
JP_1 5 4 13 78
JP_1 1 2 1 4 13 78 1
JP_1 2 1 4 13 78 1 1
JP_1 1 1 4 13 81
JP_1 1 4 13 82
JP_1 4 13 83
JP_1 3 13 84
JP_1 1 1 13 85
JP_1 1 13 86
JP_1 13 87
JP_1 1 6 5 88
JP_1 6 5 89
JP_1 5 5 90
JP_1 1 3 5 91
JP_1 3 5 92
JP_1 1 1 5 93
JP_1 1 5 93 1
JP_1 5 95
JP_1 4 96
JP_1 1 2 97
JP_1 2 98
JP_1 1 98 1
JP_1 100
JP_1 99 1
JP_1 29 71
JP_1 3 12 3 6 2 2 71 1
JP_1 2 12 3 6 2 2 73
JP_1 1 12 3 6 2 2 74
JP_1 12 3 6 2 2 75
JP_1 1 5 5 3 6 2 2 76
JP_1 5 5 3 6 2 2 77
JP_1 1 1 1 1 5 3 6 2 2 77 1
JP_1 1 1 1 5 3 6 2 2 79
JP_1 1 1 5 3 6 2 2 79 1
JP_1 1 5 3 6 2 2 81
JP_1 5 3 6 2 2 82
JP_1 1 1 1 1 3 6 2 2 83
JP_1 1 1 1 3 6 2 2 83 1
JP_1 1 1 3 6 2 2 83 1 1
JP_1 1 3 6 2 2 83 3
JP_1 3 6 2 2 87
JP_1 2 6 2 2 88
JP_1 1 6 2 2 88 1
JP_1 6 2 2 88 1 1
JP_1 1 4 2 2 88 3
JP_1 4 2 2 88 3 1
JP_1 3 2 2 88 5
JP_1 2 2 2 88 6
JP_1 1 2 2 88 7
JP_1 2 2 88 8
JP_1 1 2 88 9
JP_1 2 88 10
JP_1 1 88 11
JP_1 88 11 1
JP_1 9 14 9 14 36 5 13
JP_1 1 1 2 4 14 9 14 36 5 14
JP_1 1 2 4 14 9 14 36 5 15
JP_1 2 4 14 9 14 36 5 16
JP_1 1 4 14 9 14 36 5 17
JP_1 4 14 9 14 36 5 18
JP_1 3 14 9 14 36 5 18 1
JP_1 2 14 9 14 36 5 20
JP_1 1 14 9 14 36 5 21
JP_1 14 9 14 36 5 22
JP_1 1 3 9 9 14 36 5 23
JP_1 3 9 9 14 36 5 24
JP_1 1 1 9 9 14 36 5 25
JP_1 1 9 9 14 36 5 26
JP_1 9 9 14 36 5 27
JP_1 1 3 4 9 14 36 5 28
JP_1 3 4 9 14 36 5 29
JP_1 1 1 4 9 14 36 5 30
JP_1 1 4 9 14 36 5 30 1
JP_1 4 9 14 36 5 32
JP_1 3 9 14 36 5 33
JP_1 2 9 14 36 5 34
JP_1 1 9 14 36 5 35
JP_1 9 14 36 5 36
JP_1 7 1 14 36 5 36 1
JP_1 1 1 4 1 14 36 5 38
JP_1 1 4 1 14 36 5 39
JP_1 4 1 14 36 5 40
JP_1 1 1 1 1 14 36 5 41
JP_1 1 1 1 14 36 5 42
JP_1 1 1 14 36 5 43
JP_1 1 14 36 5 44
JP_1 14 36 5 45
JP_1 2 3 8 36 5 46
JP_1 1 3 8 36 5 47
JP_1 3 8 36 5 48
JP_1 2 8 36 5 49
JP_1 1 8 36 5 50
JP_1 8 36 5 51
JP_1 1 6 36 5 52
JP_1 6 36 5 53
JP_1 3 2 36 5 54
JP_1 1 1 2 36 5 54 1
JP_1 1 2 36 5 54 1 1
JP_1 2 36 5 54 1 1 1
JP_1 1 36 5 54 4
JP_1 36 5 54 5
JP_1 14 5 16 5 54 6
JP_1 2 3 4 2 1 1 5 16 5 54 7
JP_1 1 3 4 2 1 1 5 16 5 54 7 1
JP_1 3 4 2 1 1 5 16 5 54 9
JP_1 1 1 4 2 1 1 5 16 5 54 10
JP_1 1 4 2 1 1 5 16 5 54 11
JP_1 4 2 1 1 5 16 5 54 12
JP_1 1 1 1 2 1 1 5 16 5 54 13
JP_1 1 1 2 1 1 5 16 5 54 14
JP_1 1 2 1 1 5 16 5 54 15
JP_1 2 1 1 5 16 5 54 16
JP_1 1 1 1 5 16 5 54 17
JP_1 1 1 5 16 5 54 17 1
JP_1 1 5 16 5 54 17 1 1
JP_1 5 16 5 54 20
JP_1 1 3 16 5 54 21
JP_1 3 16 5 54 22
JP_1 2 16 5 54 23
JP_1 1 16 5 54 24
JP_1 16 5 54 25
JP_1 1 8 6 5 54 26
JP_1 8 6 5 54 26 1
JP_1 1 6 6 5 54 28
JP_1 6 6 5 54 29
JP_1 1 1 2 1 6 5 54 29 1
JP_1 1 2 1 6 5 54 31
JP_1 2 1 6 5 54 32
JP_1 1 1 6 5 54 33
JP_1 1 6 5 54 33 1
JP_1 6 5 54 35
JP_1 1 4 5 54 35 1
JP_1 4 5 54 37
JP_1 2 1 5 54 38
JP_1 1 1 5 54 38 1
JP_1 1 5 54 40
JP_1 5 54 41
JP_1 4 54 42
JP_1 2 1 54 43
JP_1 1 1 54 44
JP_1 1 54 45
JP_1 54 46
JP_1 2 33 18 47
JP_1 1 33 18 48
JP_1 33 18 49
JP_1 7 7 18 18 50
JP_1 1 5 7 18 18 51
JP_1 5 7 18 18 52
JP_1 1 1 1 1 7 18 18 53
JP_1 1 1 1 7 18 18 54
JP_1 1 1 7 18 18 55
JP_1 1 7 18 18 56
JP_1 7 18 18 57
JP_1 1 3 2 18 18 58
JP_1 3 2 18 18 59
JP_1 1 1 2 18 18 59 1
JP_1 1 2 18 18 61
JP_1 2 18 18 62
JP_1 1 18 18 63
JP_1 18 18 64
JP_1 11 6 18 65
JP_1 4 6 6 18 66
JP_1 3 6 6 18 67
JP_1 1 1 6 6 18 67 1
JP_1 1 6 6 18 69
JP_1 6 6 18 70
JP_1 1 4 6 18 71
JP_1 4 6 18 72
JP_1 1 1 1 6 18 73
JP_1 1 1 6 18 74
JP_1 1 6 18 75
JP_1 6 18 76
JP_1 1 2 2 18 77
JP_1 2 2 18 78
JP_1 1 2 18 79
JP_1 2 18 80
JP_1 1 18 80 1
JP_1 18 80 1 1
JP_1 8 6 3 83
JP_1 7 6 3 83 1
JP_1 1 1 1 2 1 6 3 85
JP_1 1 1 2 1 6 3 86
JP_1 1 2 1 6 3 87
JP_1 2 1 6 3 88
JP_1 1 1 6 3 89
JP_1 1 6 3 90
JP_1 6 3 91
JP_1 5 3 92
JP_1 1 1 1 1 3 93
JP_1 1 1 1 3 94
JP_1 1 1 3 95
JP_1 1 3 96
JP_1 3 97
JP_1 2 98
JP_1 1 98 1
JP_1 100
JP_1 79 21
JP_1 15 63 22
JP_1 2 1 1 10 63 23
JP_1 1 1 1 10 63 24
JP_1 1 1 10 63 25
JP_1 1 10 63 26
JP_1 10 63 27
JP_1 1 1 1 1 3 2 63 28
JP_1 1 1 1 3 2 63 29
JP_1 1 1 3 2 63 30
JP_1 1 3 2 63 31
JP_1 3 2 63 32
JP_1 1 1 2 63 32 1
JP_1 1 2 63 34
JP_1 2 63 35
JP_1 1 63 36
JP_1 63 37
JP_1 8 7 47 38
JP_1 3 3 1 7 47 39
JP_1 1 1 3 1 7 47 40
JP_1 1 3 1 7 47 41
JP_1 3 1 7 47 42
JP_1 1 1 1 7 47 43
JP_1 1 1 7 47 44
JP_1 1 7 47 44 1
JP_1 7 47 46
JP_1 1 1 4 47 47
JP_1 1 4 47 48
JP_1 4 47 49
JP_1 1 1 1 47 50
JP_1 1 1 47 51
JP_1 1 47 51 1
JP_1 47 53
JP_1 1 45 54
JP_1 45 55
JP_1 1 1 42 56
JP_1 1 42 56 1
JP_1 42 58
JP_1 11 8 1 21 59
JP_1 1 4 5 8 1 21 60
JP_1 4 5 8 1 21 61
JP_1 1 1 1 5 8 1 21 62
JP_1 1 1 5 8 1 21 63
JP_1 1 5 8 1 21 64
JP_1 5 8 1 21 65
JP_1 4 8 1 21 66
JP_1 3 8 1 21 67
JP_1 1 1 8 1 21 68
JP_1 1 8 1 21 69
JP_1 8 1 21 70
JP_1 7 1 21 71
JP_1 1 5 1 21 72
JP_1 5 1 21 73
JP_1 1 3 1 21 74
JP_1 3 1 21 75
JP_1 1 1 1 21 75 1
JP_1 1 1 21 77
JP_1 1 21 77 1
JP_1 21 79
JP_1 1 3 2 1 13 80
JP_1 3 2 1 13 81
JP_1 1 1 2 1 13 82
JP_1 1 2 1 13 83
JP_1 2 1 13 84
JP_1 1 1 13 85
JP_1 1 13 86
JP_1 13 87
JP_1 1 11 88
JP_1 11 89
JP_1 1 9 90
JP_1 9 91
JP_1 1 1 1 1 1 1 1 1 91 1
JP_1 1 1 1 1 1 1 1 93
JP_1 1 1 1 1 1 1 94
JP_1 1 1 1 1 1 95
JP_1 1 1 1 1 96
JP_1 1 1 1 97
JP_1 1 1 97 1
JP_1 1 99
JP_1 100
JP_1 43 57
JP_1 1 15 14 12 58
JP_1 15 14 12 59
JP_1 1 1 6 6 14 12 60
JP_1 1 6 6 14 12 61
JP_1 6 6 14 12 62
JP_1 1 2 2 6 14 12 63
JP_1 2 2 6 14 12 64
JP_1 1 2 6 14 12 65
JP_1 2 6 14 12 65 1
JP_1 1 6 14 12 67
JP_1 6 14 12 68
JP_1 5 14 12 69
JP_1 1 1 1 1 14 12 70
JP_1 1 1 1 14 12 71
JP_1 1 1 14 12 72
JP_1 1 14 12 72 1
JP_1 14 12 74
JP_1 3 1 9 12 75
JP_1 1 1 1 9 12 76
JP_1 1 1 9 12 77
JP_1 1 9 12 78
JP_1 9 12 79
JP_1 8 12 79 1
JP_1 1 6 12 81
JP_1 6 12 82
JP_1 1 4 12 83
JP_1 4 12 84
JP_1 1 2 12 85
JP_1 2 12 86
JP_1 1 12 87
JP_1 12 88
JP_1 1 1 1 6 1 1 89
JP_1 1 1 6 1 1 90
JP_1 1 6 1 1 91
JP_1 6 1 1 92
JP_1 3 2 1 1 93
JP_1 1 1 2 1 1 94
JP_1 1 2 1 1 95
JP_1 2 1 1 96
JP_1 1 1 1 97
JP_1 1 1 98
JP_1 1 99
JP_1 100
JP_1 4 1 1 5 89
JP_1 3 1 1 5 89 1
JP_1 1 1 1 1 5 91
JP_1 1 1 1 5 91 1
JP_1 1 1 5 91 1 1
JP_1 1 5 91 3
JP_1 5 91 4
JP_1 1 1 1 1 91 5
JP_1 1 1 1 91 6
JP_1 1 1 91 7
JP_1 1 91 8
JP_1 91 9
JP_1 6 3 9 2 14 18 36 2 10
JP_1 5 3 9 2 14 18 36 2 11
JP_1 1 1 1 1 3 9 2 14 18 36 2 12
JP_1 1 1 1 3 9 2 14 18 36 2 12 1
JP_1 1 1 3 9 2 14 18 36 2 14
JP_1 1 3 9 2 14 18 36 2 14 1
JP_1 3 9 2 14 18 36 2 16
JP_1 2 9 2 14 18 36 2 17
JP_1 1 9 2 14 18 36 2 18
JP_1 9 2 14 18 36 2 19
JP_1 8 2 14 18 36 2 20
JP_1 7 2 14 18 36 2 21
JP_1 1 5 2 14 18 36 2 22
JP_1 5 2 14 18 36 2 23
JP_1 4 2 14 18 36 2 24
JP_1 3 2 14 18 36 2 24 1
JP_1 2 2 14 18 36 2 26
JP_1 1 2 14 18 36 2 27
JP_1 2 14 18 36 2 28
JP_1 1 14 18 36 2 29
JP_1 14 18 36 2 30
JP_1 2 3 7 1 18 36 2 31
JP_1 1 3 7 1 18 36 2 32
JP_1 3 7 1 18 36 2 32 1
JP_1 1 1 7 1 18 36 2 34
JP_1 1 7 1 18 36 2 35
JP_1 7 1 18 36 2 36
JP_1 4 2 1 18 36 2 37
JP_1 1 1 1 2 1 18 36 2 38
JP_1 1 1 2 1 18 36 2 39
JP_1 1 2 1 18 36 2 39 1
JP_1 2 1 18 36 2 41
JP_1 1 1 18 36 2 42
JP_1 1 18 36 2 43
JP_1 18 36 2 44
JP_1 4 1 12 36 2 45
JP_1 3 1 12 36 2 46
JP_1 2 1 12 36 2 46 1
JP_1 1 1 12 36 2 48
JP_1 1 12 36 2 49
JP_1 12 36 2 50
JP_1 4 1 3 2 1 36 2 51
JP_1 3 1 3 2 1 36 2 52
JP_1 2 1 3 2 1 36 2 52 1
JP_1 1 1 3 2 1 36 2 54
JP_1 1 3 2 1 36 2 54 1
JP_1 3 2 1 36 2 56
JP_1 1 1 2 1 36 2 57
JP_1 1 2 1 36 2 58
JP_1 2 1 36 2 59
JP_1 1 1 36 2 60
JP_1 1 36 2 61
JP_1 36 2 62
JP_1 1 1 4 29 2 63
JP_1 1 4 29 2 64
JP_1 4 29 2 65
JP_1 1 2 29 2 66
JP_1 2 29 2 67
JP_1 1 29 2 68
JP_1 29 2 69
JP_1 3 1 2 22 2 70
JP_1 2 1 2 22 2 71
JP_1 1 1 2 22 2 71 1
JP_1 1 2 22 2 73
JP_1 2 22 2 74
JP_1 1 22 2 75
JP_1 22 2 76
JP_1 1 9 10 1 2 77
JP_1 9 10 1 2 78
JP_1 4 4 10 1 2 79
JP_1 1 1 1 4 10 1 2 80
JP_1 1 1 4 10 1 2 81
JP_1 1 4 10 1 2 82
JP_1 4 10 1 2 83
JP_1 1 2 10 1 2 84
JP_1 2 10 1 2 85
JP_1 1 10 1 2 85 1
JP_1 10 1 2 87
JP_1 3 2 4 1 2 87 1
JP_1 1 1 2 4 1 2 89
JP_1 1 2 4 1 2 90
JP_1 2 4 1 2 91
JP_1 1 4 1 2 92
JP_1 4 1 2 92 1
JP_1 3 1 2 94
JP_1 2 1 2 95
JP_1 1 1 2 96
JP_1 1 2 97
JP_1 2 98
JP_1 1 99
JP_1 100
JP_1 11 40 49
JP_1 1 8 1 40 50
JP_1 8 1 40 51
JP_1 1 6 1 40 52
JP_1 6 1 40 53
JP_1 1 1 3 1 40 54
JP_1 1 3 1 40 55
JP_1 3 1 40 56
JP_1 2 1 40 57
JP_1 1 1 40 58
JP_1 1 40 59
JP_1 40 60
JP_1 1 10 15 13 61
JP_1 10 15 13 62
JP_1 1 1 1 3 2 1 15 13 63
JP_1 1 1 3 2 1 15 13 64
JP_1 1 3 2 1 15 13 64 1
JP_1 3 2 1 15 13 66
JP_1 1 1 2 1 15 13 66 1
JP_1 1 2 1 15 13 68
JP_1 2 1 15 13 68 1
JP_1 1 1 15 13 68 2
JP_1 1 15 13 68 2 1
JP_1 15 13 72
JP_1 1 1 5 7 13 72 1
JP_1 1 5 7 13 74
JP_1 5 7 13 75
JP_1 4 7 13 76
JP_1 3 7 13 77
JP_1 1 1 7 13 78
JP_1 1 7 13 79
JP_1 7 13 80
JP_1 1 4 1 13 81
JP_1 4 1 13 82
JP_1 3 1 13 83
JP_1 2 1 13 84
JP_1 1 1 13 85
JP_1 1 13 86
JP_1 13 87
JP_1 5 1 6 87 1
JP_1 2 2 1 6 89
JP_1 1 2 1 6 90
JP_1 2 1 6 91
JP_1 1 1 6 91 1
JP_1 1 6 93
JP_1 6 94
JP_1 1 1 3 94 1
JP_1 1 3 94 2
JP_1 3 97
JP_1 2 97 1
JP_1 1 99
JP_1 100
JP_1 1 31 35 33
JP_1 31 35 34
JP_1 15 1 14 35 34 1
JP_1 6 3 2 3 1 14 35 36
JP_1 1 1 2 1 3 2 3 1 14 35 37
JP_1 1 2 1 3 2 3 1 14 35 38
JP_1 2 1 3 2 3 1 14 35 39
JP_1 1 1 3 2 3 1 14 35 39 1
JP_1 1 3 2 3 1 14 35 41
JP_1 3 2 3 1 14 35 42
JP_1 1 1 2 3 1 14 35 43
JP_1 1 2 3 1 14 35 44
JP_1 2 3 1 14 35 45
JP_1 1 3 1 14 35 46
JP_1 3 1 14 35 47
JP_1 1 1 1 14 35 48
JP_1 1 1 14 35 49
JP_1 1 14 35 50
JP_1 14 35 51
JP_1 2 2 9 35 52
JP_1 1 2 9 35 53
JP_1 2 9 35 54
JP_1 1 9 35 55
JP_1 9 35 56
JP_1 8 35 57
JP_1 7 35 58
JP_1 6 35 59
JP_1 1 4 35 60
JP_1 4 35 61
JP_1 1 1 1 35 62
JP_1 1 1 35 63
